11.326216697692871
10.98153305053711
9.634040832519531
8.794923782348633
7.819060325622559
7.128138542175293
6.845301628112793
6.241896629333496
5.667699337005615
5.01965856552124
4.677063465118408
4.317798614501953
4.008488655090332
3.629016876220703
3.3684580326080322
3.0480544567108154
2.7427101135253906
2.568871021270752
2.376511573791504
2.2932586669921875
2.11661958694458
2.0031394958496094
1.8593831062316895
1.7677383422851562
1.659743309020996
1.56634521484375
1.473271131515503
1.4042744636535645
1.3419216871261597
1.2743911743164062
1.2431063652038574
1.2009133100509644
1.1511662006378174
1.0966472625732422
1.0801081657409668
1.0308566093444824
1.0230398178100586
1.001854658126831
0.9639042615890503
0.9592512845993042
0.9401534795761108
0.9131099581718445
0.9072391986846924
0.8761502504348755
0.8537932634353638
0.83760005235672
0.8521275520324707
0.8367281556129456
0.8310917615890503
0.8059529066085815
0.8100491762161255
0.8119770288467407
0.8069376945495605
0.8057138323783875
0.7948932647705078
0.784337043762207
0.7645653486251831
0.7728233933448792
0.7711008191108704
0.7751321792602539
0.7746430039405823
0.7346574068069458
0.7592210173606873
0.7351406812667847
0.7537201642990112
0.7405280470848083
0.746974766254425
0.7382416725158691
0.7493453621864319
0.7321563959121704
0.7370251417160034
0.729730486869812
0.7337890267372131
0.7250561714172363
0.696744441986084
0.702330470085144
0.7403196096420288
0.6937025785446167
0.7153187394142151
0.7245540618896484
0.711881160736084
0.7066662311553955
0.7098502516746521
0.6818484663963318
0.7114906311035156
0.7289667129516602
0.7032790780067444
0.7196470499038696
0.6926960349082947
0.6467877626419067
0.6987534165382385
0.7009050846099854
0.7353224754333496
0.7453423738479614
0.730891764163971
0.7192921042442322
0.7198202610015869
0.6562075614929199
0.7256158590316772
0.7270399332046509
0.6812241673469543
0.7256487607955933
0.6856486797332764
0.7010826468467712
0.6876549124717712
0.730398416519165
0.7164705991744995
0.69068843126297
0.6936133503913879
0.6900225281715393
0.6596613526344299
0.6881997585296631
0.7299355268478394
0.6817532777786255
0.6997712254524231
0.7005970478057861
0.6464828252792358
0.7154356241226196
0.6771692037582397
0.708195149898529
0.6917366981506348
0.7430269718170166
0.6978989839553833
0.7111556529998779
0.7079471945762634
0.6988489031791687
0.6823135018348694
0.707911491394043
0.7076787948608398
0.7217008471488953
0.7003088593482971
0.6961057782173157
0.6736947298049927
0.6972751617431641
0.7125898003578186
0.6819822192192078
0.7053332328796387
0.7110752463340759
0.6924693584442139
0.690934956073761
0.6774396300315857
0.708583414554596
0.686474084854126
0.6932436227798462
0.6932815909385681
0.695328414440155
0.6695123314857483
0.6900080442428589
0.7107611894607544
0.6601619124412537
0.6871965527534485
0.716232180595398
0.6727578639984131
0.6814558506011963
0.7071335315704346
0.6080281734466553
0.7128015160560608
0.7146632075309753
0.6973985433578491
0.743888258934021
0.7018883228302002
0.7765586972236633
0.7046312093734741
0.7102432250976562
0.6142440438270569
0.7626146674156189
0.6949508786201477
0.716362476348877
0.7157577276229858
0.7410296201705933
0.7338883876800537
0.6141405701637268
0.7379083633422852
0.750023365020752
0.7376395463943481
0.6934337615966797
0.618118405342102
0.7015603184700012
0.7411698698997498
0.7174833416938782
0.6697970628738403
0.6526671648025513
0.6731393337249756
0.6738439798355103
0.7497000694274902
0.683871328830719
0.6967597007751465
0.6744238138198853
0.748985767364502
0.6347955465316772
0.6894173622131348
0.6804565191268921
0.6728885173797607
0.7657012939453125
0.774116575717926
0.7514280080795288
0.671005368232727
0.7384260892868042
0.7362290620803833
0.7212330102920532
0.655994176864624
0.6587623953819275
0.7150222659111023
0.6922353506088257
0.6946557760238647
0.7283223867416382
0.6931067109107971
0.7053592801094055
0.7006118893623352
0.6981391906738281
0.6980565786361694
0.7123096585273743
0.6643420457839966
0.6946285367012024
0.7443983554840088
0.7010375261306763
0.6798902750015259
0.697178840637207
0.7045625448226929
0.6884436011314392
0.7083399295806885
0.6995802521705627
0.6709774732589722
0.6837947368621826
0.6460305452346802
0.6696268320083618
0.6962718963623047
0.7008868455886841
0.6523263454437256
0.7036406993865967
0.7211266756057739
0.6153832674026489
0.7197952270507812
0.8125401735305786
0.6724958419799805
0.7043174505233765
0.741631269454956
0.6925069093704224
0.7485546469688416
0.7258154153823853
0.7224907875061035
0.7018051147460938
0.7200005650520325
0.7597447037696838
0.7035759091377258
0.7236782312393188
0.6964424848556519
0.7064991593360901
0.5982670783996582
0.6847870349884033
0.7031830549240112
0.6857364177703857
0.6529780626296997
0.6751244068145752
0.7314677834510803
0.719473659992218
0.7370548248291016
0.6942568421363831
0.8082104921340942
0.7019259929656982
0.6222198009490967
0.6360529065132141
0.6650161743164062
0.6988949775695801
0.6745706796646118
0.804486870765686
0.6712666749954224
0.6939056515693665
0.7880954742431641
0.6121714115142822
0.8223488330841064
0.692982017993927
0.7042407989501953
1.0902154445648193
0.7949239015579224
0.8359524011611938
0.7767606973648071
0.8171113729476929
0.6712526679039001
0.668921172618866
0.7207695841789246
0.5367873907089233
0.6317874193191528
0.6829265356063843
0.6692272424697876
0.712509036064148
0.7412974834442139
0.6883274912834167
0.7129448652267456
0.6908246874809265
0.6119647026062012
0.6903198957443237
0.6215580701828003
0.6384164094924927
0.686780571937561
0.761498212814331
0.7140079736709595
0.8648961782455444
0.6784696578979492
0.8132725954055786
0.7135095596313477
0.7922511696815491
0.6014173030853271
0.6742455959320068
0.669958233833313
0.704105794429779
0.6792183518409729
0.7271445989608765
0.7623989582061768
0.7667765617370605
0.7396831512451172
0.7101348042488098
0.6394456028938293
0.7744275331497192
0.6982842683792114
0.7349736094474792
0.7361228466033936
0.7325240969657898
0.7717353701591492
0.7360142469406128
0.6427246332168579
0.7359021306037903
0.7131187319755554
0.6799412965774536
0.7247558832168579
0.4625897705554962
0.6492792367935181
0.7281386852264404
0.5619548559188843
0.4391472339630127
0.7013607025146484
0.5995651483535767
0.6038671731948853
0.5953055024147034
0.9095621109008789
0.4857064187526703
0.7180029153823853
0.7323148250579834
0.687414288520813
0.9643871784210205
0.7263948321342468
0.4352940320968628
0.6292697787284851
1.2030562162399292
0.9346025586128235
1.456590175628662
0.6937149167060852
0.6444463729858398
0.43498709872980934
0.5363308191299438
0.740851640701294
0.673812747001648
0.9045946002006531
0.6715824007987976
0.6602029800415039
0.5810687529778227
0.8248131275177002
0.6782342195514482
0.7256805896763149
0.7268272639102522
0.7109834551900224
0.7373582139280417
0.7607064245292162
0.747464418398639
0.7905836105346794
0.7261297702824958
0.7820615768432618
0.7558743357659389
0.8708016869779902
0.8474143743441709
0.8329870700587572
0.6346334218978882
0.9108102917671188
0.7220654487615461
0.6687473076696657
0.6673025479305916
0.672543287940652
0.801793098449191
0.6972020865248935
0.6965396404265553
0.7866532805601609
0.595052361485554
0.7447576523805729
0.6246840953826914
0.812501609325409
0.721282601356721
0.7124075889386584
1.034540891655837
0.9551358221698881
0.7280507683357912
0.778372763302819
0.6159365190137371
0.6661018133163373
0.7072029709799973
0.4330486953219202
0.7136531482509507
0.7868337636122112
0.7307134262331935
0.7741998438088791
0.8200315237045183
