11.23155403137207
10.964284896850586
8.952531814575195
8.340087890625
7.804142951972023
7.123693466186616
6.8251118659973145
6.233602523794108
5.592490196227992
5.027109146118164
4.47386360168457
4.323549270629967
4.014042377471924
3.5985045432278744
3.366244792940334
3.0654194355010986
2.830891609196891
2.568417072296166
2.388301372523056
2.2280292511471957
2.130663394852712
1.974194286797381
1.8626710174808905
1.7560453414916992
1.6321005833850044
1.5639187097549438
1.4873766899108887
1.410433292388916
1.3413310049772027
1.2744413615230954
1.2470036730389504
1.1991766683834657
1.1515035633506483
1.0981574058532717
1.0814821730207227
1.0258071401957731
1.020173670857004
1.0065293312985264
0.970342457294464
0.9562755823340143
0.9128037095124238
0.9133815762266427
0.904529212581022
0.9145596027957583
0.8801606891328311
0.8439735174161594
0.866022765638801
0.8371456265443848
0.8137029409569646
0.8085089921951294
0.8112252950668335
0.8077681660642307
0.8064744472504629
0.7697372430188462
0.7844104764577552
0.7833904641104026
0.7442688948018318
0.7794694900512692
0.7716019153594971
0.7702287453148668
0.7721454501052758
0.7348045110702515
0.7435358166694639
0.7634502636485501
0.7300137282237804
0.7217026948909582
0.7489670522682604
0.7406160235404967
0.7445231676101604
0.7186415195464965
0.7374494075775203
0.7320607900694128
0.7313274151624599
0.7248919010236193
0.7110476493835459
0.7369759082793101
0.7396080493518533
0.7118063569068909
0.7150691754241655
0.7151950583451849
0.7156994342804198
0.7065637111665055
0.7342821359634415
0.6828535795211792
0.7110730987053036
0.720417916791275
0.7107061742679678
0.7118501663208008
0.6963635683059987
0.6559219360316577
0.6984288110573111
0.7003771066665649
0.7353224754335655
0.7440800066706231
0.7150465250015304
0.7115090489386392
0.7214754819744376
0.6699110270334995
0.7218010426985157
0.7257851958033151
0.6812556386142951
0.7226768732361833
0.6912389397657052
0.6987208128168586
0.6835834383964539
0.7301734685831373
0.7072377195881726
0.6922979950904463
0.6934828758239746
0.7287561893175554
0.6776348352372312
0.6920449733734354
0.7264181367704573
0.6876577122901459
0.6986373662833897
0.6829844709948001
0.6447548270213586
0.704179883003235
0.6685019135475225
0.7024291753680653
0.69693946991751
0.7427010528895756
0.6858997344970839
0.7093635795901762
0.705633282661438
0.7007564306293042
0.6858739852905393
0.6646379234694452
0.7110177280576996
0.6786578893566501
0.6895357966425264
0.6850773096051672
0.711940586566925
0.6959943175253834
0.7038800716400249
0.7391999363839179
0.7099629641009029
0.7108376021547237
0.6921833753646985
0.690934956073761
0.6798854452581213
0.7085834145545845
0.6839206226052886
0.7238484613455641
0.6703327298164368
0.6944188493055214
0.6813103556615177
0.6952690479919776
0.6720200777053865
0.6959512850002212
0.6954758147009232
0.7039701938627647
0.6766036748886219
0.6820155988859316
0.6920002698898315
0.6530870199203491
0.7128919363178486
0.7008067369322901
0.6970326901167013
0.7343758943542431
0.7019873857481647
0.7423272737270942
0.7043904066085402
0.623978674467126
0.6974325175994625
0.7622311102905373
0.6726897963644626
0.6450470680006667
0.7108509540526151
0.7284028533556194
0.7178723216056824
0.8294105530069776
0.7346615791238494
0.6121736765016002
0.7156415003754237
0.6927020552004054
0.6286267042168807
0.6998769044417478
0.7234255075454712
0.6924660205779223
0.682070612988689
0.8566824189200061
0.6734057664871215
0.6799353971635405
0.6940057873770903
0.6840038308203501
0.6918270586896431
0.6744550457976067
0.7270718216896084
0.8453872204986878
0.6996459960937301
0.6665164232697289
0.6974505185679163
0.7510631680488586
0.6693721403791797
0.6689665302223553
0.6710053682327252
0.7043051733393526
0.7157198190533458
0.7196313142776489
0.6219376325607202
0.6587658524451258
0.7700122594833598
0.6895640510877994
0.6896637677981373
0.7076189498903696
0.8465533254607295
0.7063333988189697
0.6803411245370934
0.7133437400222825
0.7088265419859808
0.7092453241348267
0.6656354670162689
0.690798998039307
0.7443983554890091
0.6896159648896742
0.6691930294094826
0.6943040489754342
0.6952274441721764
0.6911477439096146
0.6463735103607178
0.7525587081476156
0.5917606374181346
0.7084165805334272
0.6459122304777177
0.6744214282812513
0.7046874757741236
0.695567011844755
0.6703502535984224
0.6368124484543531
0.742766976184886
0.8273074626922607
0.7100372314453125
0.7246757753952092
0.6962707042694067
0.7055612802389838
0.7346270676678441
0.6907314652571329
0.6980898380279548
0.6506385803222295
0.6915726661761398
0.6870836031455283
0.696093201632224
0.6208256483078003
0.683469712734222
0.7172482015262656
0.6962019205793911
0.7021932597509873
0.5981878042270766
0.6619489788978569
0.7341983309924535
0.6857573984108997
0.6666970252991801
0.7012781498590029
0.7161778221682351
0.7186690568923954
0.7189075946807627
0.6910422443720847
0.8029881725356149
0.7055043578147888
0.6200565099716198
0.7476284490207543
0.8368508815765381
0.7001851797103882
0.6902800798416138
1.0966179370878237
0.63686037076937
0.7081087828545007
0.7521788477897706
0.6352345347404494
0.9005006551777276
0.6944553852081304
0.7112686634069464
0.9201245310471585
0.6270126717911702
0.781231045746722
0.7792382836341859
0.7737056016921997
0.6414238214958146
0.6454513669133115
0.7151835568178783
0.612239599256695
0.6318556070326625
0.7075439691543217
0.6692272409032538
0.6605684757182567
0.7417111397176985
0.711589277004617
0.7114574909180488
0.6938273904302898
0.6739038226764854
0.7048776149748855
0.7074099779257959
0.6384164094924927
0.6634184117600005
0.7312769889786042
0.7205957174304234
0.8479754924783003
0.6956842523105469
0.563399374485016
0.7031430599594806
0.7922511696815491
0.5779085161468579
0.6692992448806762
0.8123490813512612
0.703072190281338
0.6117361783981323
0.7404412031103872
0.7640358804701347
0.7310795784476795
0.7414507857220635
0.8001780521089381
0.7854486703863937
0.7035163044898731
0.7058763504035435
0.722977340242204
0.8235986230233683
0.6631060821056225
0.739848375416301
0.714866042137146
0.6183162927635476
0.6970804929733397
0.6870445609092394
0.7169547081214125
0.7042187452315843
0.4638121715528959
0.5866308212302117
0.7274053692817214
0.5619548559188939
0.8580582737913081
0.6548341512687148
0.703986525535584
0.6496639251613631
0.6485334634869534
0.9095621109005265
0.5982829919131835
0.7259976855060267
0.7446582317352295
0.6953198313713074
0.9675546884536377
0.720575213432312
0.6734504086465309
0.6528887748717714
1.2028758525848389
0.6616219878196714
1.4377479562809066
0.6652641301784984
0.5797224063984223
0.43590867537222944
0.7030123477027758
0.7342457771301285
0.6743254661559811
1.182532668114668
0.6391813763717914
0.7664257287979127
0.7350363118753271
1.1399441957473098
0.7565780864820548
0.7394580841064231
0.7915376424514579
0.685532748699499
0.7484525442237944
0.7527296534074742
0.7041621812103599
0.7678822874904995
0.7401801347740515
0.726715862746173
0.7100861668586501
0.6030464172346028
0.7503185272216797
0.5995371333420202
0.9619401097297668
0.5456002950668303
1.0087325573256822
0.7369716175143567
0.820024488593649
0.6926753506813921
0.7794376594226409
0.7233031988143921
0.6985985035935641
0.7861758469679738
0.5988063812685988
0.7198330144454474
0.48408746622845134
0.9554936885833735
0.6670452356084994
0.7626744508745379
1.1003493070558066
0.9522525668948099
0.7355163116373196
0.7643802762011638
0.6592870950732443
0.8689173473486689
0.7056403160095266
0.4334004223986319
0.7043802142142462
0.5990535020793146
0.730713427066803
0.6842043399797202
1.22505927085876
