7.003519385762047e-06
1.3798364307149313e-05
0.0001282010634895414
0.0002681819605641067
3.114514510420092e+150
3.3709063218448084e+160
7.327472583121164e+25
4.613076481310961e+169
0.003639297095300175
7.513042554809519e+252
7.26581809458731e+223
1.4429686794404373e+214
1.1425487854272147e+243
6.849791221505467e+180
6.696940446179728e+151
9.927203493029951e+247
4.243359334852285e+175
4.6198221489943265e+281
7.746745679581286e+226
1.1457340441242385e+243
0.12072236090898514
3.8098584699963976e+180
4.721687214978001e+257
0.17841771245002747
0.21629086136817932
0.22875121235847473
6.102083422215257e+247
0.2772276699542999
0.3002737760543823
0.310727596282959
0.32667720317840576
0.3374255299568176
0.3584734797477722
6.680279229779779e+151
0.39133214950561523
0.41143935918807983
0.43545371294021606
0.4455651342868805
0.45719558000564575
0.46458595991134644
0.5034398436546326
0.48754626512527466
0.507267951965332
0.5408580303192139
0.5476392507553101
0.527437686920166
0.5596709251403809
0.527610719203949
0.5952083468437195
0.5490016937255859
0.5405148267745972
0.5681489109992981
0.5691639184951782
0.6248190999031067
0.6092344522476196
0.5953866839408875
0.5797600746154785
0.5983098149299622
0.6143336892127991
0.6008205413818359
0.6017731428146362
0.5925382971763611
0.6447391510009766
0.63761305809021
0.6585283279418945
0.6391575336456299
0.636162519454956
0.6545370221138
0.6258672475814819
0.6390910148620605
0.6229347586631775
0.6409163475036621
0.6382863521575928
0.6305999755859375
0.6361051797866821
0.6765661835670471
0.6241474151611328
0.6543526649475098
0.6284682750701904
0.664554238319397
0.649398922920227
0.6537621021270752
0.660836935043335
0.6262407898902893
0.6490293741226196
0.6562721729278564
0.6692512035369873
0.6793242692947388
0.6276416778564453
0.6225708723068237
0.6187703013420105
0.6244475841522217
0.6052557826042175
0.6187424659729004
0.6538137197494507
0.6546443700790405
0.623940110206604
0.6193827390670776
0.6285417675971985
0.6114421486854553
0.6125449538230896
0.6307967901229858
0.6412864923477173
0.6765254735946655
0.6477414965629578
0.6115506887435913
0.6415310502052307
0.6139765977859497
0.623358964920044
0.6978989839553833
0.6491092443466187
0.6397454738616943
0.6242985725402832
0.6411482095718384
0.6547322869300842
0.7062318921089172
0.6165170073509216
0.6374241709709167
0.6396813988685608
0.6611137390136719
0.6791638135910034
0.5965604782104492
0.6814827919006348
0.6220605373382568
0.6579250693321228
0.6736466884613037
0.6151555180549622
0.6853383779525757
0.6197824478149414
0.6761808395385742
0.6562734842300415
0.673736572265625
0.6720234155654907
0.6457622647285461
0.6471463441848755
0.7052394151687622
0.649601936340332
0.6174138188362122
0.6373477578163147
0.63101726770401
0.6443070769309998
0.6211183071136475
0.6441892385482788
0.6734657287597656
0.6857537031173706
0.6525077819824219
0.6204094290733337
0.6537872552871704
0.7060449123382568
0.6521005630493164
0.6834716796875
0.657593846321106
0.6479299068450928
0.6403692364692688
0.6639503240585327
0.6306593418121338
0.6468544006347656
0.6279135346412659
0.5460588335990906
0.6085678339004517
0.551308274269104
0.6069363355636597
0.5988916158676147
0.7125741243362427
0.6382384300231934
0.5647521018981934
0.6950198411941528
0.6990513801574707
0.5748610496520996
0.6177777647972107
0.5851039886474609
0.7005242109298706
0.5969744920730591
0.7564406991004944
0.5959761142730713
0.6405074596405029
0.578236997127533
0.57905113697052
0.6078399419784546
0.7028725147247314
0.6137810945510864
0.7037183046340942
0.5778385400772095
0.6062999963760376
0.6395039558410645
0.5399948358535767
0.6292027831077576
0.554817259311676
0.6034108400344849
0.7083927989006042
0.6544716358184814
0.6435375213623047
0.6812413930892944
0.6069844365119934
0.6944218277931213
0.7657330632209778
0.5132943987846375
0.6381230354309082
0.624712347984314
0.5968176126480103
0.6379719972610474
0.5605090260505676
0.6530352234840393
0.600521445274353
0.6544554233551025
0.5933336019515991
0.6652172803878784
0.5711718797683716
0.6159425973892212
0.5884711146354675
0.6332712173461914
0.6139999628067017
0.5579664707183838
0.6975570917129517
0.5531253814697266
0.6546536684036255
0.6217929124832153
0.6580333113670349
0.6372561454772949
0.5793140530586243
0.6840362548828125
0.678360641002655
0.6013185977935791
0.6090196967124939
0.5766695141792297
0.5694698691368103
0.6008576154708862
0.6102066040039062
0.5622464418411255
0.6903766393661499
0.6382755041122437
0.8058748245239258
0.6051962375640869
0.5667115449905396
0.6749220490455627
0.5981289148330688
0.5648759007453918
0.5392630100250244
0.6398259997367859
0.7035965919494629
0.6588049530982971
0.8130595684051514
0.6157125234603882
0.7342305779457092
0.6795961260795593
0.5814881920814514
0.5494756698608398
0.5383062362670898
0.5407595634460449
0.6006571054458618
0.6875133514404297
0.5861249566078186
0.5010427236557007
0.6503307819366455
0.6068920493125916
0.4564167857170105
0.5363906621932983
0.5808226466178894
0.46129220724105835
0.5871803760528564
0.4697045683860779
0.66127610206604
0.7487274408340454
0.6100326180458069
0.5562641620635986
0.6166990995407104
0.5546522736549377
0.6165145635604858
0.46941718459129333
0.47134828567504883
0.6095771789550781
0.3474274277687073
0.5742647051811218
0.4303070902824402
0.7970945835113525
0.5646947622299194
0.4495464563369751
0.5334080457687378
0.6219971179962158
0.6329566240310669
0.4583456218242645
0.5352240800857544
0.5086956024169922
0.5662937164306641
0.6364200711250305
0.6882962584495544
0.47898897528648376
0.6542981863021851
0.5783472657203674
0.529232919216156
0.6292062997817993
0.635723888874054
0.5336024761199951
0.4527103900909424
0.5998159050941467
0.5466713905334473
0.5702081918716431
0.3395019471645355
0.5140253305435181
0.8187164664268494
0.5119750499725342
0.46264520287513733
0.6094299554824829
0.5993025898933411
0.6343106627464294
0.5351818203926086
0.5248014330863953
0.5492873787879944
0.385238379240036
0.6338589787483215
0.38914355635643005
0.669249415397644
0.6007041931152344
0.5949355363845825
0.5039288997650146
0.5171002149581909
0.5797768831253052
0.8341104388237
0.5804781913757324
0.5781729221343994
0.6003102660179138
0.6284611225128174
0.683219313621521
0.6026078462600708
0.53638756275177
0.40611013770103455
0.5764056444168091
0.4878940284252167
0.348064124584198
0.6939470767974854
0.577203631401062
0.5297750234603882
0.5608198046684265
0.4015781283378601
0.39988547563552856
0.5049514770507812
0.603269636631012
0.45697271823883057
0.5626531839370728
0.2882193624973297
0.34796518087387085
0.5940227508544922
0.2604801058769226
0.31662896275520325
0.6020095944404602
0.17195457220077515
0.5887970328330994
0.5024934411048889
0.3357428312301636
0.5086774826049805
0.5200901627540588
0.4737544655799866
0.427827924489975
0.5282694697380066
0.4911500811576843
0.46127399802207947
0.5904332399368286
0.5567277669906616
0.5133597254753113
0.5175886154174805
0.5841963887214661
0.48594361543655396
0.5301711559295654
0.5713692307472229
0.4974172115325928
0.451019823551178
0.4523193836212158
0.6276078820228577
0.6547417640686035
0.5011119246482849
0.6155372858047485
0.6832951903343201
0.9160580635070801
0.5913894176483154
0.49457767605781555
0.6221897602081299
0.5235416889190674
0.503882110118866
0.8471553325653076
0.39332276582717896
0.2596564292907715
0.36319079995155334
0.660007119178772
0.538873553276062
0.47126179933547974
0.6403461694717407
0.5951902866363525
0.3829561769962311
0.24749839305877686
0.34050118923187256
0.38626909255981445
0.5559649467468262
0.6356139183044434
0.4752862751483917
0.3750542998313904
0.5420290231704712
0.6242983341217041
0.484036386013031
0.6343947649002075
0.5733059644699097
