1.7452420042111323
0.7759848053638752
0.705315140577463
0.702457959835346
0.702681880730849
0.6961624163847703
0.7084376078385574
0.7026359576445359
0.7015666824120742
0.6999057393807632
0.7057722302583548
0.8707274336081284
0.7254518453891461
0.7047346142622141
0.7009750329531156
0.7014120266987727
0.7048482161301833
0.8037392634611863
1.0950259291208708
0.870176035624284
0.7728928831907419
0.7289589460079486
0.7081393966308007
0.7084907981065603
0.6880192940051739
0.7368354040842789
0.8641064235797296
0.7481852907400864
0.7009182434815627
0.7000939112443191
0.7391411249454205
0.7962234937227689
0.7311194539070129
0.7419901765309848
0.7507409866039569
0.7848665072367742
0.7195985821577219
0.7207467464300302
0.7455967389620267
0.7217028370270362
0.7163917880791885
0.7356824645629296
0.7849612786219671
0.713737088900346
0.7474218836197486
0.7482641568550696
0.7045912054868845
0.7224082213181716
0.8847691554289597
0.7526257313214816
0.7347277357028081
0.7633718114632827
0.7827003781612103
0.7225803916270916
0.7046704980043265
0.7334650984177222
0.7494544432713435
0.7539669779630808
0.7750374904045692
0.7159007466756381
0.7524869579535264
0.8102553165875949
0.7175198151515081
0.7280079355606666
0.7262763335154607
0.7418922827794001
0.7756502857575049
0.8352698637888982
0.758057387975546
0.7627461415070754
0.7368911046248215
0.7503345883809603
0.8591758585893191
0.7780549021867605
0.7523991557267996
0.7663010175411518
0.743397974050962
0.7718881460336539
0.7588686255308298
0.7480372144625738
0.7681088493420527
0.8022335400948157
0.7646396985420814
0.7503336851413434
0.76460678760822
0.7313578449762784
0.772616643172044
0.7699941121614896
0.7738591615970318
0.7383720187040476
0.7393421301474938
0.8184949022073013
0.8488055559305044
0.7320526792452886
0.7781743407249451
0.7780383687752944
0.7557323116522568
0.7228556183668283
0.7649255257386428
0.7382809336368854
0.7439071673613328
0.7603550736720746
0.7581626222683833
0.7398896309045645
0.7629452760402973
0.7528820954836332
0.8223744355715238
0.7579903923548185
0.85071534376878
0.7539348739844102
0.7561060923796433
0.7769324458562411
0.7210225279514606
0.7837175543491657
0.7745376733633188
0.787475769336407
0.7826840556584872
0.7816485808445857
0.7832811933297378
0.7304311027893653
0.7710782381204458
0.7438771953949561
0.7373593357893137
0.8324307982738202
0.9009873362687918
0.7726333233026358
0.768421851671659
0.7379062680097727
0.7605676834399884
0.7441262832054725
0.734036596921774
0.7574354318472055
0.7627767507846539
0.7395641459868505
0.7845146426787744
0.7419201456583463
0.7402237974680387
0.7858704190987807
0.763471360390003
0.7646363102472745
0.8053525823813218
0.7870092575366681
0.7449498153649844
0.759888788828483
0.7255194095464853
0.8167015589200534
0.7506402134895325
0.7694714161065909
0.78737250658182
0.7713613647681016
0.7766664257416358
0.7460745573043823
0.8050751044200017
0.7069955789125882
0.7618016715233142
0.7547599810820359
0.7768787099764898
0.7505202843592718
0.7797035781236795
0.787764297081874
0.7490761371759268
0.7876893052688012
0.7497380238312942
0.7456922714526837
0.7585971172039325
0.7604267918146573
0.7497680049676162
0.7701106438269982
0.7742350284869854
0.7580740635211651
0.782730547281412
0.8296703329453101
0.772852714245136
0.7667024823335501
0.7537097518260663
0.7787812122931848
0.7929172928516681
0.7338355229451106
0.758698215851417
0.7568179781620319
0.7574516488955572
0.7607519947565519
0.7919913255251371
0.749733397593865
0.7932390845738925
0.7451584751789386
0.7232310084196237
0.7320154034174405
0.7588490293576167
0.7576523835842426
0.7571636621768658
0.7739782562622657
0.7528832188019385
0.728867416198437
0.8434907060403091
0.746029624572167
0.7623374920624953
0.751634418964386
0.7735914404575641
0.7762048198626592
0.7611919962442838
0.7681406873923081
0.7370770481916574
0.7312198258363284
0.7364815611105698
0.8925668001174927
0.8099663120049697
0.8233330387335557
0.8469493893476633
0.7480619916549096
0.7613705259103042
0.7552897242399362
0.7326801098310031
0.7712323986566983
0.8039706624471225
0.7262827112124517
0.7877010794786307
0.8200850578454825
0.8294750452041626
0.7629405168386606
0.7437313199043274
0.758390119442573
0.7639216643113357
0.7623707973040067
0.7914142425243671
0.7786579315478985
0.7505341722415044
0.7735172418447641
0.7646412895275996
0.7838833102813134
0.747273339675023
0.7521906449244573
0.7633592486381531
0.8995222265903766
0.7545593472627493
0.7639482113031241
0.7735534722988422
0.7523086254413311
0.7770224167750432
0.7268594044905442
0.8209286011182345
0.7372740323726947
0.7741856575012207
0.7554725912901071
0.757077693939209
0.7432223650125357
0.7587952659680293
0.7663911122542161
0.7551238720233624
0.7987929032399104
0.7433048211611234
0.8061689275961655
0.7377273486210749
0.7490817308425903
0.7689156761536231
0.8072049709466788
0.7639314990777236
0.7606955629128677
0.7797538546415476
0.7630457282066345
0.7757557584689214
0.7498594293227563
0.7610533145757822
0.7660938180409945
0.7489200509511508
0.7780659015362079
0.7828864822020898
0.7538437361900623
0.7230935601087717
0.8307955127495986
0.7338462701210609
0.8312134421788729
0.7965185596392705
0.8328281549307016
0.723522424697876
0.838566582936507
0.7360937687066885
0.778975812288431
0.7754809122819167
0.7284647409732525
0.758499012543605
0.7565039625534644
0.7814139815477225
0.7824234733214745
0.7793044631297772
0.7517700470410861
0.7668181566091684
0.7165708496020391
0.8013047942748437
0.7665009957093459
0.7332682380309472
0.787609760577862
0.7692781182435843
0.7292787982867315
0.7694401878577012
0.7887690571638254
0.7497940567823557
0.7886469868513254
0.7598928121420053
0.7431430862500117
0.7585865534268893
0.7396640456639804
0.7549211153617272
0.7595910384104803
0.7644244478299067
0.75866515819843
0.77937139914586
0.7515683311682481
0.7601037804897015
0.7795013739512517
0.7532824782224802
0.7866021394729614
0.709926426410675
0.8140654701452988
0.7624553166902982
0.7631240899746234
0.778545659322005
0.7559126157027024
0.7415040043684152
0.7678062182206374
0.7531956250850971
0.7876589940144465
0.7585702446790842
0.7479861607918372
0.7709714999565711
0.7862150623248174
0.7371772298446069
0.809370600260221
0.7889976363915664
0.7480261325836182
0.7585839124826285
0.7486823705526499
0.7877108133756198
0.7843023997086745
0.7438248350070074
0.7279002528924209
0.6784767072934371
0.7771698878361628
0.8219841718673706
0.7762511647664584
0.7349314597936777
0.7914611926445594
0.7480585345855126
0.7480582778270428
0.7461597690215478
0.7811185350784888
0.7689875318880338
0.7692270141381484
0.7658360187823956
0.7543524136910071
0.7679579808161809
0.751468314574315
0.7592816811341496
0.7685570533463663
0.7561047351822299
0.7591482628984199
0.7639575371887429
0.7617711379004508
0.7479554689812807
0.7556568567492223
0.7720886056179578
0.7351708458020136
0.7884216904640483
0.7281468281374607
0.8316425726860212
0.7910158359064519
0.7593264166822995
0.7834305991086737
0.7378064806644719
0.7892756783045255
0.7572602170732557
0.717295408256234
0.745148291954099
0.8575888965280583
0.7847791451672674
0.7628846214347025
0.7328589466675482
0.7713648401773893
0.7862577438353907
0.7512553976128444
0.757229942541856
0.7676576191992288
0.7541957222487385
0.7440124062391428
0.789767944035231
0.7594161262884079
0.7653645597971402
0.7370770344357614
0.8113709825726336
0.7705752712018956
0.761934294150395
0.763728591141919
0.7680180302033026
0.7341122672559324
0.7651241513424204
0.7627734679442327
0.7722502671755277
0.7710811862578759
0.7654333802369925
0.7542866880726252
