1.7405446767807007
0.776335202730619
0.7044308460675753
0.7050111247942998
0.7027700038540176
0.6957542346073986
0.7126736916028537
0.7008961393243924
0.7004877099624047
0.7003800410487299
0.6955797167920003
0.8559148311861707
0.7190139613337501
0.7090466068325173
0.6980720208241405
0.6979454158894249
0.7044824224251958
0.81697960083322
1.1374329878782143
0.8651274396819469
0.7621932900869001
0.7292531682894781
0.7100322705048782
0.7043065659033557
0.6931225795013767
0.7277859449386597
0.8264253369876862
0.7612875654197698
0.7012825241462844
0.6971376538264445
0.7284238842817453
0.7943729620710863
0.727600574435428
0.7464773471072348
0.7669333723863679
0.7846856713296995
0.7275237578493734
0.71718142111552
0.738916507151387
0.7215146514085921
0.7164398247627637
0.7247545673290366
0.7938267726164597
0.7153548230992006
0.7264791131018241
0.753202291684292
0.703266386802378
0.7457358471041767
0.8953308096298815
0.742154364529976
0.7313999992150557
0.7508553426999044
0.7500361845463573
0.7257962180964485
0.7039228723599746
0.7336402397263347
0.7514048126987339
0.7403832903244731
0.7639268774255251
0.7110468422731093
0.75067076768824
0.8188273035562912
0.7206438825680661
0.7197869970318571
0.7187042006560554
0.7327091006132215
0.7566753900968194
0.833218904647354
0.7457747780357968
0.7368109959117161
0.7275486267530022
0.7459988594062614
0.819621141089298
0.781662248648117
0.7485745090706466
0.7520360488824063
0.7341144635127144
0.7598701715469347
0.7496596528933631
0.7445077208372263
0.7455145716667878
0.7666240701308624
0.7515239532177259
0.7320889601340661
0.7603901578829839
0.7333225011816841
0.7754998619738276
0.7416468216824377
0.7779579712794393
0.7585741510758033
0.7373186716661692
0.8264142137307384
0.8286258028182953
0.7303430071243873
0.7816550913870638
0.7703594519541814
0.7446766633253831
0.7208628195993192
0.7535338172545226
0.7421670877031394
0.7443163761727477
0.7568692473264842
0.7751249074937008
0.7350506920083837
0.7571394260113056
0.73290828558033
0.8039695299588744
0.7480012040800271
0.8185965052714725
0.742399009424693
0.7564540229607624
0.770084940470182
0.7225892497962481
0.7582208743462195
0.7511728037968487
0.7842784981628684
0.7644604077706005
0.7783932089805725
0.752679169039192
0.7471062036661001
0.7692320897028997
0.7365865432288541
0.7265464571829489
0.7927192036921673
0.8617122219159185
0.7737426208258675
0.7579112924056398
0.7321686148842707
0.7564936693022214
0.7292370796203962
0.7295471934166133
0.7578709217211117
0.7622440640742953
0.7350946985758268
0.7701824490998987
0.7429525348029986
0.7269338048421663
0.7829296451348525
0.7617311018669024
0.7745795708436233
0.7815445065455747
0.7662463509119444
0.7459916839107026
0.7835804224011701
0.7453120671786208
0.778787589990118
0.7517518859621796
0.8211155350391681
0.7830337608232691
0.772042022300156
0.7579246759415315
0.7481122979751
0.7970687471903317
0.7498002098155963
0.8303115367889404
0.7388709783554138
0.7639124943619808
0.7545758027696858
0.7678493307187007
0.7744949780977689
0.7278385116503787
0.772794540137013
0.7291736969542243
0.7604671074798453
0.7749223250609177
0.764830965262359
0.7556427214246295
0.7712671390303106
0.7683965335437636
0.720153831518445
0.7649649473337027
0.8202503277705266
0.7704583635694692
0.757721891769996
0.7597314394443372
0.750900396935546
0.7728725442889574
0.7433779055809656
0.7471097157551659
0.745915999727629
0.7531375930859396
0.756190575086475
0.7791104409538281
0.7427545373256391
0.7706660306716974
0.7451889928093447
0.709109407204848
0.727689830156473
0.8310488645849397
0.7616032637082052
0.7537821072798502
0.7636650938254138
0.745442445461597
0.7275866225813495
0.8056385058627631
0.7433818120222825
0.7627775898519459
0.7266999758206881
0.760631900567282
0.7615808294614526
0.7608819053723261
0.7544193359521637
0.7401575767079748
0.7239140180900784
0.7304666088177263
0.9009920221190858
0.829025401433847
0.8657234356370677
0.841606484081238
0.7314769900781916
0.7591139399088362
0.7489146589521918
0.7469981083503131
0.7549423942199287
0.7919783728885452
0.7374739325986012
0.7595201593255705
0.7914125094054404
0.8403315452889941
0.7394386896724023
0.754443682166091
0.7492951063009394
0.7623818425074129
0.7535754075417151
0.7834990437214178
0.7815435116245648
0.7538563196475689
0.7879383977331587
0.7515018536343352
0.7968657796199519
0.731965541834335
0.7295744510848896
0.7442439794523584
0.8609466736133282
0.7561757931171541
0.7727480530741032
0.7429265609154334
0.7296336339070246
0.7737422998133135
0.72055333852768
0.8214829930448448
0.7343838994320014
0.7676943357926119
0.7554045778056062
0.7480094799629212
0.7413199681497077
0.7435231117101821
0.7591576805455225
0.7547173362055819
0.8002688747271449
0.7614853105616732
0.7982133810346024
0.7377557937946965
0.7313889908123177
0.7395988609772888
0.7871799699445119
0.7593036890029892
0.7473259293115861
0.771920561797082
0.7595153405102698
0.7726873205632814
0.7330371691724392
0.745062841818883
0.7593407356294217
0.7710094589453824
0.7408287158379081
0.7804062596456209
0.7656970575145743
0.8510087201228539
0.763499493782337
0.7438469666702315
0.7799694400565914
0.832250008216524
0.8098162505741177
0.7367990292035617
0.8260304836126474
0.7158757769181958
0.7761038450094454
0.7818247079849244
0.7314635331814595
0.7568650017078298
0.7448052580539996
0.7779452480630772
0.7545750874739905
0.7647515168556686
0.7559816837311064
0.7480129232785854
0.7163828200227502
0.7860102836902325
0.7729333683624712
0.730970767831965
0.7756137114322308
0.7626142410131632
0.7355072177671962
0.750688117298098
0.7771854813319028
0.7504020517704871
0.7684266062883194
0.7442456300442087
0.7379925663654621
0.7460010968325596
0.7549095612305862
0.7661355597227547
0.7501109974459618
0.7725999400141532
0.7646641226915207
0.7641060535720838
0.7425865623730451
0.761584346114068
0.7813741930846316
0.7567475025477501
0.7497427096742422
0.7096314063439549
0.8028054970959141
0.7579715617707999
0.7605710717350316
0.7591597667106895
0.7404507215206303
0.7303107610183103
0.7352644250942912
0.7662715132424393
0.7831907364038321
0.7447122656090479
0.740556208050172
0.7666341845805829
0.7812150946029696
0.7428911970184754
0.803578688548162
0.793139755725854
0.7370437429422458
0.7500678392556958
0.7435946372838979
0.7638924167706416
0.7663211180721388
0.747979673056059
0.7215847970474015
0.6912500927081473
0.7902123423712033
0.8209846111444316
0.7996958287862646
0.7324175056221389
0.7796975832795491
0.7538498227411676
0.7494670336069347
0.7408514985671331
0.7504647190755485
0.7572514414787292
0.7661493649849525
0.7641208584492023
0.7347298218653753
0.7481446036925683
0.734389951595894
0.7489673908117904
0.7631526634614952
0.7403630430881794
0.7327533457369589
0.7439912374860993
0.7520627700534099
0.7354071735032756
0.7524273028740516
0.7357855301636916
0.7640452705896963
0.7799967069070755
0.7558441391352292
0.8254032776905975
0.7771844267843646
0.7747150338617179
0.7566509017574615
0.735503751497999
0.771804419887756
0.7426728652073786
0.7506288152474614
0.7585818630116516
0.8029144268766738
0.7840738480409465
0.7580340274532612
0.7547048742749971
0.7619742245492087
0.77757538740491
0.748867731827956
0.743095320014083
0.7743606017136208
0.7350370150346023
0.7289526691794502
0.786570814940683
0.7443156013059914
0.7579201736334666
0.7316374136581925
0.8005070366551995
0.7594161262879005
0.7528815682156073
0.7605566977536976
0.7575530043015113
0.7309545232701584
0.7632644222277973
0.7517596437396391
0.7660882060344414
0.7551941504928732
0.7497068964518033
0.7526745934221518
