0.39320570595401266
0.6099610787171584
0.6763279254619892
0.6763332532002375
2.39578039263084e+149
2.593004862957545e+159
5.636517371631665e+24
3.5485203702392007e+168
0.6638119725081487
5.77926350369963e+251
5.5890908419902386e+222
1.1099759072618748e+213
8.788836810978575e+241
5.269070170388821e+179
5.1514926509074834e+150
7.636310379253809e+246
3.2641225652709885e+174
3.553709345380251e+280
5.959035138139451e+225
8.813338800955681e+241
0.6023791776253626
2.9306603615356906e+179
3.6320670884446164e+256
0.601307756625689
0.5328738528948563
0.4354941501067235
4.693910324780967e+246
0.5474873162232913
0.609716690503634
0.5859273878427652
0.5361188420882592
0.49644200389201826
0.5268768691099607
2.3937563232078403e+174
0.47350115844836604
0.5301266988882651
0.5697667529949775
0.5339394395168011
0.5072102156969217
0.4884542547739469
0.4898851536787473
0.4572943769968473
0.4354479977717766
0.4877058152969067
0.5095564745939695
0.5250015625586877
0.5106785710041339
0.42778806732251096
0.46701178413171035
0.5140339686320379
0.5264364366347973
0.4903308084377876
0.5612938793805929
0.5727825027245742
0.5102610817322364
0.45038191630290103
0.39790900624715364
0.4998691907295814
0.5091888595085877
0.5070256820091834
0.436486623608149
0.4317653477191925
0.5498080735023205
0.49581154034687924
0.48208993214827317
0.43966291271723235
0.4151942959198585
0.42489551580869234
0.45966070202680737
0.49118993603266203
0.4426708370447159
0.4006868085035911
0.4525029957294464
0.40672180973566496
0.4245630915348346
0.4456142508066617
0.4298323094844818
0.4336841083489932
0.4140813121428856
0.3856762922727145
0.41483222865141356
0.41432274648776424
0.39590321251979244
0.4085322412160727
0.4284762212863335
0.38187765845885646
0.37890829948278576
0.4044763950201181
0.43420847333394563
0.4018399440325223
0.368498478944485
0.2827391383739618
0.3866962721714607
0.47331390243310195
0.3983896810274858
0.36225663927885204
0.4303567180266747
0.45691715753995454
0.3673710754284492
0.3933551093706718
0.35688011004374576
0.3944066923398238
0.37704721322426427
0.36762321912325346
0.36969193243063414
0.39613954379008365
0.3200126714431323
0.3602331899679624
0.3149063896674376
0.3811544810350125
0.3632730199740483
0.3701230344864038
0.4161965652154042
0.37944220350338864
0.4122198854501431
0.31220929668499875
0.4192129854972546
0.3582335916849283
0.3653758145295657
0.4419937959084144
0.35142797002425563
0.3505954295396805
0.32877239928795743
0.30043040445217717
0.35648616632589925
0.43747731470144713
0.43351216041124785
0.4154618577315257
0.4346510309439439
0.4636133588277377
0.3852331225688641
0.3343648165464401
0.27953491990382856
0.3015903956615008
0.41074217512057376
0.40375554446990675
0.3446222348855092
0.3071505450285398
0.3473819081599896
0.38286541402339935
0.3200310995945564
0.38569751611122716
0.3905106232716487
0.2744166851043701
0.31338037091952103
0.3033074656358132
0.31122848162284267
0.29066754419070023
0.39506888962708986
0.43274053128866047
0.3193645511682217
0.3768201470375061
0.24084932643633622
0.417069856937115
0.3367842114888705
0.3166383355855942
0.31544065590088183
0.31236913800239563
0.3316883032138531
0.31115250060191524
0.3403376524264996
0.33217743383004117
0.3505456860248859
0.33884192544680375
0.3361501510326679
0.2657155142380641
0.25378218522438634
0.24273160558480483
0.2703792441349763
0.4018145547463344
0.364506334066391
0.2748997280230889
0.3156371254187364
0.2900922286968965
0.3359594792127609
0.2933211028575897
0.35173650544423324
0.3827623105966128
0.31144457023877364
0.3195935396047739
0.23112644541722077
0.29803845974115223
0.24695342091413644
0.3235500833162895
0.3272061485510606
0.2625975597363252
0.2572646565162219
0.28097052986805254
0.41096509326822483
0.33454220455426437
0.3868974091914984
0.3027341044866122
0.33443805460746473
0.2696758715006021
0.2942208217886778
0.30535049507251155
0.30374357906671673
0.37339455691667706
0.24567297330269447
0.2919607242712608
0.30222868804748243
0.3259698129617251
0.2742342891601416
0.2753044275137094
0.25093649614315766
0.17397178236681682
0.3097945417349155
0.3141184334571545
0.2456732260493132
0.38622199915922606
0.33137064713698167
0.266788858633775
0.31795542859114134
0.2542821644590451
0.3446634801534506
0.32468186777371627
0.3423580378293991
0.2745791031764104
0.27593402564525604
0.36775472187078917
0.4111608026119379
0.26264794113544315
0.22618651390075684
0.25803505743925387
0.2575337508550057
0.3007696591890775
0.2513128954630632
0.30126795172691345
0.2972486878816898
0.2763431782905872
0.31051928951190066
0.31251048468626463
0.2624829113483429
0.3100912639727959
0.3261394133934608
0.28045937533562
0.3303911049778645
0.351209425009214
0.2731255636765407
0.2846103637264325
0.250986710190773
0.2550069850224715
0.22757807259376234
0.2312355637550354
0.1972728417469905
0.2549052513562716
0.27101969031187206
0.23818336713772553
0.25405370730620164
0.22165515961555335
0.30795349180698395
0.2834204756296598
0.26200440296759975
0.2779400371588193
0.22568063151377898
0.23330161032768396
0.29790158799061406
0.37757657582943255
0.2328166480247791
0.2765029233235579
0.1786868560772676
0.3896103994204448
0.21379841233675295
0.28208576142787933
0.2719782097981526
0.27915908052371097
0.20492216428885093
0.2321592208284598
0.3401783280647718
0.3931214614556386
0.2884309349151758
0.2707834971638826
0.24332705999796206
0.299406152505141
0.32205772399902344
0.23605635647590345
0.33456809704120344
0.2715916352776381
0.29131569082920367
0.2879662450689536
0.32761206649816954
0.31834422281155217
0.22734947158740118
0.32858277513430667
0.2883047266648366
0.25850394597420323
0.2872991607739375
0.2971829680296091
0.22076104581356049
0.28232622375855077
0.3035515420711957
0.22347499544803912
0.2443210115799537
0.2741231413987967
0.2649558117756477
0.19266409828112677
0.22343990493279237
0.26219573674293667
0.2786070819084461
0.2953133204808602
0.2842312472370955
0.33911992609500885
0.2774279312445567
0.2596086338162422
0.20611679897858545
0.21227678370017272
0.25805335434583515
0.2830282552884175
0.18731182928268725
0.30651568334836227
0.22297068054859454
0.24013313880333534
0.3213497491983267
0.3105010585143016
0.2724280059337616
0.2802786895861992
0.26119899577819383
0.23507571793519533
0.2837824489061649
0.360368196780865
0.19568376873548216
0.2528553708241536
0.3157589859687365
0.22764154351674593
0.1573991276896917
0.27789801416488796
0.2028409936107122
0.16569092812446448
0.23170528618189004
0.2794182518353829
0.24435134461292854
0.18810968502209738
0.2953254643541116
0.25857362380394566
0.22498566370743972
0.251334673510148
0.12875816971063614
0.1756835258924044
0.2937201221401875
0.3078346120623442
0.30091428183592284
0.2547459636743252
0.2235575421498372
0.22711755564579597
0.2971255423930975
0.20531132358771104
0.2043294791991894
0.2145409807562828
0.35390544166931737
0.3099406865926889
0.24406637194064948
0.3136383220553398
0.22544065461708948
0.26480000064923215
0.24827475673877275
0.2960530530947905
0.2992816985799716
0.23974202745235884
0.26383279665158343
0.1584257913323549
0.1952716771226663
0.20892288650457674
0.3020060188495196
0.21786312071176675
0.26921390799375683
0.31456486078409046
0.24768538715747687
0.22197340658077827
0.29515094596606034
0.19532129053886121
0.2765805062193137
0.23879607881491
0.2740578708740381
0.17353528164900267
0.27121567267637986
0.2605801843679868
0.3414245987167725
0.2624221478517239
0.19387952181009147
0.3412575595653974
0.2225000445659344
0.24049653514073446
0.3354751593791522
0.2317048328427168
0.1695686183296717
0.3597825702566367
0.21031835216742295
0.21758069269932234
0.2037214275736075
0.24388125882698938
0.23789671178047472
0.23696927840893084
0.22955471621109888
0.2129401627641458
0.17416875866743234
0.18735051384338966
0.19042807416273996
0.22932191078479475
0.242297367980847
0.17983424892792335
