15.738060760498048
10.304471015930176
6.6527327537536625
4.2197671890258786
2.7003782749176026
1.809798288345337
1.3342019319534302
1.0779980659484862
0.9377684950828552
0.8543746709823609
0.8167725205421448
0.7866104483604431
0.7662321329116821
0.7415132522583008
0.7232218980789185
0.7182742357254028
0.7128016471862793
0.7110470533370972
0.7083845615386963
0.70559241771698
0.6961129784584046
0.6988105654716492
0.6985868811607361
0.6964486837387085
0.6909520268440247
0.6942950963974
0.6848748207092286
0.6956433415412903
0.707163667678833
0.6699612021446228
0.6980474472045899
0.722596549987793
0.6615421414375305
0.676831328868866
0.7071751117706299
0.7369052767753601
0.7247583270072937
0.6826721072196961
0.7024769306182861
0.6866221785545349
0.6994000315666199
0.6925356388092041
0.6803231239318848
0.6892101168632507
0.71654794216156
0.6919695258140564
0.6781187891960144
0.709148359298706
0.6910845160484314
0.7083383202552795
0.6989394068717957
0.6690375328063964
0.7301367163658142
0.6740263342857361
0.6996019959449769
0.672052264213562
0.6862550973892212
0.6705116987228393
0.7738549709320068
0.7111639380455017
0.7233855366706848
0.7027980208396911
0.6762289762496948
0.7315474510192871
0.7124890565872193
0.7086057901382447
0.7102976441383362
0.6959649443626403
0.6939337491989136
0.6885536074638366
0.7418838262557983
0.6697871088981628
0.6419599294662476
0.708418893814087
0.7297539114952087
0.7408060789108276
0.7105024099349976
0.7101561546325683
0.7029660105705261
0.7174232959747314
0.6684628009796143
0.7255221962928772
0.7152978777885437
0.7148701071739196
0.6910628914833069
0.6832271456718445
0.7132282018661499
0.7298769593238831
0.726931369304657
0.6718520641326904
0.6726889729499816
0.7222834944725036
0.7734809041023254
0.702276074886322
0.7064125776290894
0.7061694145202637
0.6990797996520997
0.6879385948181153
0.6708966016769409
0.6407323360443116
0.7240725517272949
0.8314002633094788
0.6828149676322937
0.6805871248245239
0.7084460139274598
0.692346704006195
0.7186871647834778
0.6917499661445617
0.6916316628456116
0.7509345054626465
0.6731000900268554
0.6817855119705201
0.6758155703544617
0.7139541506767273
0.7154691100120545
0.735653018951416
0.9501144051551819
0.7530735969543457
0.8530192971229553
0.6899790167808533
0.7456021189689637
0.7373606443405152
0.7194988250732421
0.6801111459732055
0.7298294305801392
0.70822674036026
0.6725257396697998
0.6854547500610352
0.6711666643619537
0.6670299291610717
0.7409410595893859
0.6768623352050781
0.6512293100357056
0.7206993699073792
0.6792206048965455
0.6547482728958129
0.8153125405311584
0.6930717468261719
0.6771644830703736
0.6645591735839844
0.6762211203575135
0.7130055367946625
0.7098740398883819
0.7780863404273987
0.6127441048622131
0.7598602890968322
0.6785498261451721
0.69869304895401
0.8450314164161682
0.6487157106399536
0.7779309988021851
0.7536839723587037
0.6341570615768433
0.7502682566642761
0.6526325821876526
0.7248971343040467
0.7067266821861267
0.6715880155563354
0.682493019104004
0.7166939020156861
0.8174898743629455
0.6825614333152771
0.7051052570343017
0.7118400692939758
0.7070799350738526
0.6546855568885803
0.6892394661903382
0.70005202293396
0.7352007746696472
0.6825125813484192
0.6913437724113465
0.7124655246734619
0.6176999568939209
0.7316625952720642
0.685839319229126
0.7059537172317505
0.5585919737815856
0.911598289012909
0.584657096862793
0.8833104610443115
0.7892071604728699
0.6479630589485168
0.6339122772216796
0.7717798948287964
0.677212929725647
0.6677708387374878
0.8704988718032837
0.7762571692466735
0.731506085395813
0.6323520302772522
0.6973435640335083
0.639529287815094
0.6735849857330323
0.7266011834144592
0.6546600520610809
0.679707407951355
0.7750513911247253
0.6852807760238647
0.746615731716156
0.5539018630981445
0.9327639102935791
0.7206235885620117
0.6577381312847137
0.6372066140174866
0.6130735397338867
0.6921772956848145
0.788645887374878
0.61544748544693
0.7239792704582214
0.9051888942718506
0.6434424161911011
0.6727544784545898
0.6241782307624817
0.7145138621330261
0.609580397605896
0.7513392746448517
0.5525143504142761
0.7245133697986603
0.7699343681335449
0.6721059381961823
0.8086303830146789
0.7521821975708007
0.8316574931144715
0.6156214237213135
0.8709921360015869
0.6805315256118775
0.59281907081604
0.7419382929801941
0.6856943726539612
0.8892377495765686
0.6907790184020997
0.753371000289917
0.6989855408668518
0.6530919432640075
0.6602216720581054
0.7001358270645142
0.6873185515403748
0.6949521541595459
0.7306659102439881
0.7039559960365296
0.7225945234298706
0.6971036672592164
0.7223168969154358
0.7131776452064514
0.741170859336853
0.7179688692092896
0.6513282656669617
0.7702524304389954
0.6979500412940979
0.7651504278182983
0.6715596914291382
0.7092264652252197
0.6953480124473572
0.7416461110115051
0.6834980368614196
0.633900249004364
0.6854329586029053
0.6890114307403564
0.7182323217391968
0.693315327167511
0.7377963662147522
0.63882976770401
0.6787861347198486
0.7653609037399292
0.6895377397537231
0.7483338952064514
0.6714793682098389
0.7283810138702392
0.732394278049469
0.7539406657218933
0.6908765077590943
0.7101603150367737
0.6688482284545898
0.6213328003883362
0.7414522767066956
0.7276601076126099
0.7466235637664795
0.6991621851921082
0.7309172034263611
0.6453909397125244
0.6938685655593873
0.6780210375785828
0.7121042251586914
0.706189239025116
0.7036158680915833
0.7616646885871887
0.5922319293022156
0.8344919562339783
0.6665977954864502
0.6413874864578247
0.7517410159111023
0.7907629370689392
0.7058143615722656
0.6672374606132507
0.7317175030708313
0.6957935929298401
0.6780208587646485
0.7165909886360169
0.7287923336029053
0.6459925413131714
0.725382924079895
0.6300791382789612
0.6763736248016358
0.7770615458488465
0.6888108491897583
0.6944025993347168
0.6312028646469117
0.5965877175331116
0.6710788488388062
0.7018176555633545
0.8501800656318664
0.6814801573753357
0.662555867433548
0.7072293996810913
0.6586481988430023
0.6787780046463012
0.6876908063888549
0.7566846609115601
0.5949136078357696
0.7568323016166687
0.8603151917457581
0.5914269208908081
0.6260530829429627
0.6546558260917663
0.716903293132782
0.5683834254741669
0.8315376043319702
0.7237494230270386
0.6878032922744751
0.7516690850257873
0.6624061226844787
0.697845196723938
0.7679681181907654
0.6952926397323609
0.6622595906257629
1.0253513693809508
0.6904806733131409
0.6773969769477844
0.6490602493286133
0.7265972256660461
0.7190371751785278
0.730242908000946
0.8205795764923096
0.6847141981124878
0.7043900728225708
0.7151055097579956
0.726429486274719
0.7293704986572266
0.7518208265304566
0.6660760998725891
0.7399852275848389
0.6714760899543762
0.7794789671897888
0.7043404459953369
0.7434392452239998
0.6838804006909386
0.6939118504581027
0.7022478342056261
0.7051390528699951
0.6458376646041786
0.6757550358788064
0.6930276513093474
0.7069386959075927
0.700006365776062
0.7041966915539352
0.7206484317779618
0.6900539398008505
0.7324932217597961
0.7125470160885665
0.6669888141293754
0.9325420856475916
0.6242300271520008
0.7654828071615914
0.700565552694657
0.6698703167442849
0.6869918706085645
0.6833536863327028
0.6477051496341046
0.7431192636489868
0.7389667630354866
0.6628347277641298
0.7096790075337189
0.6820748329155497
0.6633094669264132
0.7074637175269289
0.6788106441485225
0.6867796301841735
0.8472865939140327
0.6707929013461055
0.6424151778217739
0.7813588498789108
0.6962054015986566
0.7177701950073243
0.7579032778739935
0.653806054592142
0.762247872355877
0.7056480169295499
0.7481782433353841
0.6821806429728545
0.6711430549621846
