15.573408699035644
10.190663146972657
6.5944620132446286
4.232662343978882
2.733966016769409
1.816333651542061
1.339812064175007
1.0870818137159453
0.950182687866741
0.86128658056249
0.8126633763313308
0.7853088260028165
0.7571436047201203
0.7351351976394473
0.7318360209465027
0.7367709636734276
0.7115297317504884
0.7249316334713016
0.7012057423591613
0.701630294322967
0.7022500990460706
0.6995124578475913
0.6980572700500514
0.698806357383728
0.6928048607774405
0.6955672977934024
0.6863786458991508
0.6776810170470521
0.7029262781119359
0.6666262745857239
0.703324043750763
0.7165292620658874
0.6656194210052497
0.6808746935629371
0.6987461686134221
0.6937925223619248
0.6853244543106013
0.6989473940019744
0.69877078533228
0.6935211420533356
0.6905166149141213
0.6973107217022179
0.72773703361805
0.7097829699515985
0.7110468864440918
0.6998241782187421
0.6739741802215576
0.7035392640571984
0.7119144798864032
0.7052736517734018
0.6932441708532858
0.6844227552413941
0.7317767977692712
0.6728327158238446
0.7215025782584864
0.6766143321998216
0.6925291895876768
0.6786148786556513
0.7317220687866212
0.7072299122809935
0.7333977103233342
0.7186770439147969
0.7120049711282859
0.6891169545494027
0.6715960265031992
0.6747829678711709
0.735688352584839
0.7222673535351513
0.7051737785339356
0.7047557588269581
0.7279543876647949
0.7279683470772729
0.677363026179403
0.6709196090291955
0.6921065332045274
0.6903009772372035
0.6823214173320599
0.6901026487350463
0.738806605330767
0.7032744051881568
0.6542975190456108
0.7758257985114292
0.701889646051072
0.7110470891050363
0.6970170259429558
0.6802520513521573
0.6946832537647756
0.6897509694147562
0.723741292957318
0.6871677521214206
0.6907500743860935
0.6998220084121536
0.700807154031864
0.7199681162834068
0.6775201082229614
0.719390618801117
0.7407478690309853
0.7070644854186634
0.6562483191490096
0.699908888401194
0.6585601329803688
0.7175633188447893
0.6738698482513428
0.744569432735583
0.7490369918578583
0.7174368858449329
0.7064637661774763
0.7037754300372197
0.683900702000048
0.7471985340200163
0.6845104455960564
0.6666141394292524
0.7442016839983759
0.7028481960288213
0.7324613807900209
0.6541600108189023
0.7439416944980621
0.8131369829172334
1.007819867514307
0.7468768000614865
0.719363474845888
0.675071573434162
0.6867368817329407
0.7361674546677921
0.6779353022570994
0.690729439256142
0.7274231910140261
0.7117400169385711
0.7089243173599394
0.6663532852354679
0.7541368246078491
0.6857456445693856
0.674491381639449
0.6983496427536011
0.6459798337537779
0.6782254457473759
0.7344588875771225
0.6216155886650085
0.6996058341659446
0.6695023298353993
0.7866146445274353
0.7078565299534223
0.674883115291628
0.8206468939792941
0.7885276079188772
0.7941766736036596
0.6542008636882224
0.6278533220291138
0.8147237779250129
0.7574232578389777
0.7994172215260857
0.7410203695288896
0.6724224924744567
0.7210730911267487
0.7710224747657776
0.6490028738973618
0.7164871572417854
0.7886536717420782
0.7341291307825657
0.7242654323577881
0.7721578240394592
0.7037880179056488
0.6961423635429138
0.6927463055033602
0.7267993330954697
0.6745555996919769
0.6837798237700974
0.7157287597666151
0.6637113928795028
0.7009381413414557
0.6927419543249723
0.7834292173398735
0.6996907472586654
0.7287001848220259
0.697599184513091
0.6759522914886499
0.6124309897415599
0.6751991510235644
0.627954208762735
0.7660576106368013
0.746458196531381
0.7835547089576729
0.6995131492688234
0.7903125643730254
0.7278964519500961
0.7137688518124525
0.7120251297950745
0.8346381187438965
0.6952670693050604
0.6321606279604649
0.6761776926933788
0.6913534462451935
0.7242229461698084
0.7305593132968229
0.6293492615222771
0.674689722055487
0.7497960332373081
0.6579583764076233
0.7698405146598816
0.5725017547628831
0.7287976622585958
0.7160551786317357
0.8418838977809736
0.7259140372276086
0.6922165155398746
0.7459823133204414
0.679152226537213
0.6013237893585248
0.830034077167511
0.8833314657594767
0.7715310213859137
0.8619832277269414
0.676490533279554
0.6933459520385805
0.6357084155273018
0.6360355614594708
0.7628122091293376
0.5961532117263171
0.7210415483148768
0.7148521420618013
0.7853759646457001
0.770770263671875
0.6963425993922412
0.6976937174797115
0.7612018227573827
0.7067771315519232
0.6982807517035318
0.979630864048304
0.6911986828815804
0.73550487724196
0.6893511651236678
0.7530541181562859
0.7120866656358956
0.6903335690458334
0.7340797069508044
0.6318987846374512
0.6715841889381403
0.6808179618173028
0.6938486218452453
0.7178637981414455
0.8417979359645018
0.7950468779509943
0.7274314045791335
0.7454687476158142
0.6617630004882835
0.7279641984718781
0.7172800663854835
0.7976233720892505
0.7138192057607473
0.7620359897427108
0.7122352598961874
0.6943615794206325
0.675166130065918
0.7930087566375732
0.752992570400238
0.6598731400760964
0.6686229228972944
0.6814664602277869
0.695120835668067
0.667291593552023
0.7269024610519397
0.7084366202353702
0.6759126901626529
0.7186415672302247
0.6998493671417055
0.7215625166893006
0.659373652935024
0.7063346147534985
0.7812211987972851
0.6652658462524415
0.6969707012185167
0.7042245984163074
0.7000696897484083
0.6619556069003317
0.730756258975488
0.6856161713600161
0.6577087640762329
0.6772285461398945
0.7160999417304993
0.7143227338796045
0.6900555968284607
0.6719617128372193
0.6767449499209691
0.7282794949582838
0.7129880905483414
0.7588285923003912
0.6700935723240503
0.6594699500920094
0.7006440758705139
0.7529673697407836
0.7084752559657842
0.6786101341242452
0.7240504384047826
0.7220819711684292
0.7518548488631419
0.7172587871460503
0.6578320384024883
0.6960026262820012
0.7128243684768665
0.6712366580962931
0.7138844609253363
0.6498713611927569
0.686167383193872
0.7253498554229807
0.7022750496864318
0.6899669647202937
0.644540274143219
0.7177308440208435
0.6528210045318671
0.6902313828571796
0.6605924963927992
0.7505279779429395
0.6723483622074061
0.7442133069038391
0.6481202065945502
0.7277688380768879
0.7433108806410702
0.7911921262740247
0.6345127463340534
0.709494185425362
0.6931710839271545
0.788919353441408
0.6887108325944469
0.7175096869475138
0.6803277492523193
0.7282245337759647
0.6751346111297603
0.7585569979090968
0.700299143791195
0.65286844968796
0.6870554685589368
0.7493974208819618
0.7828095316896981
0.7636659741289298
0.6811915040273003
0.7860986945633158
0.7512805581092834
0.871240806578925
0.7167076230108955
0.675753844103863
0.6919351814441773
0.7329423189168937
0.8207222700119307
0.6473016858100891
0.7238429665336931
0.7265749216076676
0.7306634426298041
0.6838721275329589
0.623651921749115
0.7172731160872375
0.6876403808597429
0.6819315195083616
0.7820137023926091
0.7119843126508705
0.744155919551847
0.7003644585609436
0.7355117917068014
0.6463836910858654
0.725925528843608
0.7032687548617995
0.6866395950285217
0.6909923432803511
0.7361898541450909
0.6683340665336754
0.70361807346344
0.764454841612911
0.7159503817558838
0.7224925760468983
0.6925556778907775
0.6685476302908588
0.7737738491461953
0.7041500091576819
0.7628963231822595
0.7001727223396996
0.7134262681017532
0.7091723919000418
0.6799724817378096
0.6540495634078993
0.7124126434312014
0.6866921067303963
0.6792069796909257
0.7500369668111042
0.7259901165962219
0.7125275728030743
0.6556131482127285
0.7159887313842912
0.6921356916427612
0.6881878256836431
0.7280207514762898
0.6625125765803281
0.6540950775146451
0.7471506118774498
0.6709541320978192
0.7425648451814701
0.694256913661976
0.7205726385116408
0.7469771504586826
0.7305674076088582
0.7081012606634058
0.7042856454849243
