6.532496163558222e-07
7.49083531445649e-05
0.0017837092629633844
0.016935883834958077
6.229029020840184e+149
6.7418126436896166e+159
1.465494516624233e+25
9.226152962621922e+168
0.4919167697431865
1.5026085109619038e+252
1.453163618917462e+223
2.885937358880875e+213
2.2850975708544293e+242
1.3699582443010934e+180
1.3393880892359457e+151
1.98544069860599e+247
8.48671866970457e+174
9.239644297988654e+280
1.5493491359162573e+226
2.291468088248477e+242
0.6846313595771789
7.619716939992796e+179
9.443374429956002e+256
0.6795849084854126
0.6886642456054688
0.6819793462753296
1.2204166844430513e+247
0.6899914979934693
0.6773746967315674
0.6738487005233764
0.6609588503837586
0.6843780755996705
0.6633826494216919
1.3360558459559557e+151
0.6753867745399476
0.6873112559318543
0.6980226159095764
0.6906884431838989
0.6849590897560119
0.6481475353240966
0.6795964717864991
0.6886510372161865
0.7139647841453552
0.6724132657051086
0.6548295021057129
0.6749181151390076
0.6410223364830017
0.6426695585250854
0.6930594086647034
0.6421124577522278
0.6568930983543396
0.6497001051902771
0.6722508311271668
0.6504425406455994
0.6671122670173645
0.6838489055633545
0.6650384187698364
0.6278118133544922
0.6231648802757264
0.6222878813743591
0.6467802286148071
0.6625062704086304
0.6761143803596497
0.6826765775680542
0.6516451716423035
0.6975906372070313
0.6710517525672912
0.6741402506828308
0.6759895324707031
0.6848458886146546
0.6417396903038025
0.6974733829498291
0.6635691285133362
0.6683171272277832
0.6684967756271363
0.646938419342041
0.6663740158081055
0.6808264136314393
0.6667892932891846
0.6861303448677063
0.6623541951179505
0.6751879215240478
0.7121722340583801
0.6735823273658752
0.6810358047485352
0.6597835063934326
0.6051851153373718
0.6739188194274902
0.6485671162605285
0.6620900392532348
0.6253603577613831
0.6570080399513245
0.7229161620140075
0.6366739749908448
0.6239252686500549
0.6736893057823181
0.6437132477760314
0.6985040187835694
0.6612725615501404
0.657381248474121
0.6527583241462708
0.5990039229393005
0.6032836437225342
0.674237596988678
0.7131455898284912
0.7044384717941284
0.6532808899879455
0.6322115540504456
0.5909343719482422
0.6276626467704773
0.6517476737499237
0.6531143426895142
0.6754640817642212
0.48924734592437746
0.6288348078727722
0.6005193948745727
0.6379354298114777
0.5894213438034057
0.5503875374794006
0.6826247334480285
0.6100055873394012
0.5797984421253204
0.6641628980636597
0.701434338092804
0.6586433529853821
0.6816483974456787
0.6851769089698792
0.653486967086792
0.647999906539917
0.6411183953285218
0.5518142879009247
0.6383697986602783
0.6478059947490692
0.6707805216312408
0.6307306289672852
0.6377003788948059
0.6393671691417694
0.6735092163085937
0.6331586360931396
0.6526756644248962
0.6988963603973388
0.5547007381916046
0.6860889911651611
0.6526087880134582
0.7143697500228882
0.5549221396446228
0.6916330337524415
0.6580992937088013
0.581177031993866
0.6491311669349671
0.599372148513794
0.634985339641571
0.6289016962051391
0.6643794894218444
0.7321379542350769
0.6742520809173584
0.7074653267860412
0.6864833116531373
0.7071282029151916
0.6553748488426209
0.5974802196025848
0.6395537376403808
0.6790602207183838
0.6280154824256897
0.6671010851860046
0.6800549626350403
0.6110511243343353
0.6431202054023742
0.66404287815094
0.622551167011261
0.6591384530067443
0.637703025341034
0.6753758668899537
0.5944520354270935
0.646054995059967
0.6850925087928772
0.57441565990448
0.6692808151245118
0.5221800923347473
0.5718447983264923
0.6868693470954895
0.6872397661209106
0.6607787609100342
0.5644789874553681
0.5711503744125366
0.6532362699508667
0.6231070697307587
0.6020861268043518
0.7009251952171326
0.6184361100196838
0.6932359218597413
0.6588891029357911
0.6090844929218292
0.5733398199081421
0.5417595326900482
0.5255007982254029
0.6153558313846588
0.6679947376251221
0.6468138694763184
0.5623462736606598
0.7294497847557068
0.5737488865852356
0.7423311829566955
0.6612100601196289
0.5946301579475403
0.6813961625099182
0.6642072200775146
0.5530530571937561
0.6786996841430664
0.5278201401233673
0.6362101674079895
0.6821892619132995
0.7295037388801575
0.6684072971343994
0.5745783448219299
0.5880194664001465
0.8292726159095765
0.6016886234283447
0.5565957009792328
0.5829750776290894
0.6262128949165344
0.6054283916950226
0.5904448211193085
0.610840767621994
0.5640718698501587
0.6718344271183014
0.6630775451660156
0.618386197090149
0.6320875525474549
0.6231749892234802
0.7115136623382569
0.6380375742912292
0.6379214286804199
0.6644864320755005
0.7157144546508789
0.6601637125015258
0.6490984320640564
0.6694383263587952
0.6890311002731323
0.5658621370792389
0.6327368974685669
0.6305596888065338
0.6110081195831298
0.6056760430335999
0.7235643982887268
0.5867786228656768
0.6088041305541992
0.6102260112762451
0.6948613047599792
0.6211038529872894
0.660376000404358
0.6741945385932923
0.6860354900360107
0.6677767753601074
0.7127111315727234
0.6095195412635803
0.6964011669158936
0.6200212657451629
0.7423147797584534
0.706596040725708
0.6716039061546326
0.6825580477714539
0.66393483877182
0.6180983304977417
0.6979247212409974
0.6329915761947632
0.6581305980682373
0.7139198184013367
0.6917677164077759
0.6838521718978882
0.6757299065589905
0.6855103015899658
0.6406762838363648
0.6142664194107056
0.6295819878578186
0.6528189539909363
0.666636610031128
0.6429978728294372
0.6556772947311401
0.7282538652420044
0.6610786318778992
0.585833740234375
0.6965874314308167
0.6010646939277648
0.6729533195495605
0.6261512041091919
0.6508399963378906
0.7026511311531067
0.7038822770118713
0.7462792038917542
0.6351435005664825
0.6837652564048767
0.6160783648490906
0.6770720481872559
0.6656604170799255
0.6372597932815551
0.6260515809059143
0.7085587978363037
0.662001371383667
0.6692219614982605
0.6702164053916931
0.578333991765976
0.6603460192680359
0.6158234238624573
0.6083568394184112
0.5784050345420837
0.5799166142940522
0.7271374702453614
0.7058050632476807
0.524391633272171
0.4935466378927231
0.6989885807037354
0.591918694972992
0.664893651008606
0.5985777914524079
0.660777497291565
0.648644208908081
0.5419314950704575
0.5964731693267822
0.6447127312421799
0.754131281375885
0.7160849213600159
0.6335991859436035
0.6565379202365875
0.6735306501388549
0.7018566846847534
0.6933172702789306
0.563212764263153
0.7295802950859069
0.41925594210624695
0.6020693123340607
0.7079893946647644
0.5111416220664978
0.6528232574462891
0.656839770078659
0.613534677028656
0.6476201474666595
0.7283532738685607
0.6396697163581848
0.6083513498306274
0.6650560021400451
0.6746710658073425
0.46232329607009887
0.6943580746650696
0.591119933128357
0.58245290517807
0.6412357330322266
0.6658650636672974
0.6135679841041565
0.6693108081817627
0.6399581432342529
0.6577636003494263
0.5714796781539917
0.660263454914093
0.5434866368770599
0.664208197593689
0.6876559615135193
0.6308593630790711
0.61765815615654
0.6855672717094421
0.6458232998847961
0.6816026210784912
0.6973098158836365
0.5191317021846771
0.7090259313583374
0.6460976243019104
0.6814875364303589
0.5703067064285279
0.6791770100593567
0.6164644598960877
0.6422883331775665
0.7360260605812072
0.6053463101387024
0.7183513760566711
0.6860268235206604
0.6268838346004486
0.6347965598106384
0.5129416704177856
0.6302769780158997
0.6528508782386779
0.5783999025821686
0.6372422337532043
0.6860455870628357
0.5547834157943725
0.6613511323928833
0.6615052580833435
0.7112854957580567
0.6549978852272034
0.6827885627746582
0.6092539548873901
0.5876814424991608
0.614993691444397
0.714935302734375
0.41671332716941833
0.6908455491065979
0.7223458766937256
0.6551522135734558
0.6609470248222351
0.6348647117614746
0.621969586610794
