4.400682806968689
1.0626066636156153
0.7797362362896955
0.720962765040221
0.7100693053677998
0.6977757590788403
0.6957539342067866
0.7099814658191295
0.6988234762804258
0.69584254865054
0.7023696921479785
0.722235922460203
0.716777315846196
0.7241562913882134
0.7152465869253759
0.7205968918619287
0.7173459331193572
0.7123945995772032
0.7232321942302852
0.7210832127816327
0.7227922191932541
0.7241696075030176
0.7185792724288596
0.7201650297199507
0.7172450908908398
0.7289893538908166
0.7179165924036892
0.7217144325927309
0.7181231004207981
0.7287503900351348
0.7238368502369639
0.7315857675319395
0.7320856716897752
0.7291328377193875
0.734185989264032
0.721998978546153
0.7220544152789645
0.7273977663457982
0.7295414385972065
0.7263346755987592
0.7419599835443107
0.7336146456223948
0.7059793009274571
0.7786473521479854
0.7393861611723287
0.7209955873243957
0.7317558681523328
0.7179639361443656
0.7308815320319886
0.740070989838353
0.7372732692989553
0.7326318400872225
0.7315061445589419
0.7192670393873106
0.7265970508257672
0.7210396616547196
0.755693014021273
0.7307603050161303
0.7320531496162949
0.7238368458217965
0.733552864304805
0.7254285790655289
0.7334270786954256
0.7296499455416644
0.7178357221467012
0.7467018608693694
0.7306001429202519
0.7498138414492046
0.7284852111450942
0.7279569793630366
0.7326040697774096
0.7455082359875745
0.72488693396787
0.7219707480191386
0.7374743134887131
0.7479251424537173
0.7186008515181365
0.7018516416674602
0.7641328728087016
0.7272068063721
0.7854372659987457
0.7421662387719162
0.7341580434780326
0.7116835912275866
0.7388391891990993
0.7811515993543474
0.7912470963266126
0.7355893607491995
0.739309743598654
0.7318633574020487
0.7416305895204895
0.7491663164673729
0.7465509816431597
0.7442990718080208
0.7458616715983489
0.7510190120450425
0.7488071300365308
0.7378648475376052
0.7434061831514013
0.7225682360147564
0.7503643057960342
0.7331750238434379
0.7746050666880322
0.7549590402179294
0.752820165069015
0.7444838130917126
0.7455674520257491
0.77146518667448
0.7531338223791506
0.7516658173676405
0.7241003491260385
0.7447596920861138
0.747631220905871
0.7453149468810794
0.7333505308697639
0.7556867024870377
0.7365680116194265
0.7300165052767154
0.7398962797884967
0.7501304392456739
0.7458815022751035
0.7418872007009009
0.7743890064733999
0.7517205741670396
0.7251321607164894
0.7615429140810016
0.7598758339881896
0.7369551062668965
0.7594361724676909
0.7316532554447609
0.7532392497400417
0.7550539131181729
0.771677295366923
0.722525095497774
0.7470035509317271
0.7450804048231526
0.7595421539448276
0.7461785276730856
0.7598403493473742
0.724323120382097
0.7757142583522625
0.7557057275081528
0.7389040964621747
0.7386907228697024
0.710879487019998
0.7149320123372781
0.8261387569133679
0.7976166231078241
0.7478366074738679
0.7524339114453455
0.7463639886293661
0.7425901095082572
0.7446338523120686
0.7535251533374913
0.7261627217132307
0.7859177258279763
0.7662844591670566
0.7528877677650575
0.7478776243310419
0.7473045035646503
0.7331638027120457
0.7633481290606904
0.7480394972695247
0.7710198561370689
0.7574535520002267
0.7355406284798989
0.7491425099195239
0.7736085653398774
0.7653583354420133
0.7502364472044993
0.7352531905527468
0.7736486792564392
0.7471509907159256
0.7418693370249506
0.7735930372149128
0.7442289281774519
0.7697302721165221
0.763219321215595
0.7380518692510804
0.7581161900755738
0.7464158248016899
0.7517247597708966
0.7632987190175871
0.7712099154688098
0.7801057210675878
0.7710566366160357
0.7540604648766694
0.7499432122265846
0.7334002454454015
0.7671963638725915
0.7526888449945489
0.7451367002946612
0.7536476387117409
0.7179083493016754
0.7738728567405984
0.7582049193198012
0.7632341340736106
0.756885861908948
0.7513347753897217
0.7510742942351188
0.7236380709491411
0.7549064755718649
0.7368032380385668
0.7401153378426214
0.7447441418965658
0.770913183638151
0.7347038829768145
0.7398050648706656
0.7467173779462422
0.7799809045800752
0.7854393036276889
0.7429798157127147
0.7475235726829452
0.7353007903438503
0.743984156184881
0.728372673193745
0.7805928477534543
0.7448234889242384
0.7672242963755572
0.7398512451737056
0.7754425229853547
0.7598469456032996
0.7615294037099699
0.7493215512346325
0.7462845356377872
0.7500112431885902
0.7635405946660925
0.7296972892902516
0.7409137354956717
0.7254946077320199
0.7354734319074169
0.7201581266159935
0.7588868715121935
0.7749914173726682
0.7728926605650075
0.7452047047791658
0.7655628213589798
0.7720410890049405
0.7487968029799285
0.7592626810073853
0.7414113946139951
0.7718106199010732
0.748662981718702
0.7428670900846502
0.7483564549073891
0.7722180419682412
0.7590222137970281
0.7479237318103761
0.7563257438164543
0.7283347933380897
0.7456074357031441
0.7485597795910306
0.757092049805955
0.7767764683122989
0.7267906091834343
0.7004486631297486
0.7658941083485366
0.7767162742438015
0.7629187614841538
0.7303300499338014
0.7419265530727527
0.7729758134341757
0.7685481729011925
0.7577784812010738
0.769609641144614
0.7475055036721495
0.7581412240311366
0.7535450855867126
0.7491205268436008
0.7514117426344972
0.7603059146130704
0.752241253829891
0.7408652305607945
0.7417703756579651
0.7580759922658276
0.7495781117015541
0.7502008963522839
0.7495691864578818
0.7255805973598889
0.735004661259826
0.7718952452434181
0.7589790578242657
0.7373078399234345
0.7419102191934712
0.7405909123627299
0.7629485991266117
0.7537513154503982
0.768605400014807
0.7517487472884541
0.7379691777509928
0.7580959245274895
0.750427797988629
0.7590134850415784
0.7487622035874262
0.7394543842016069
0.7718945145606995
0.746814606358945
0.7477664395614481
0.756106537801248
0.7448054949442584
0.7460374898380704
0.7464711975164965
0.766450040855654
0.7523759117833216
0.7569172757276653
0.7443188406912645
0.7569999496142067
0.740729343008112
0.7570374519505477
0.7418257174657893
0.7462705903582965
0.7625320377394849
0.7722080416141627
0.7397294795064524
0.7556619048118591
0.7547360084477172
0.7447805029317272
0.7577496170944286
0.7539076385674542
0.7453544404154456
0.7710550272897376
0.7510650246444931
0.7448296811486939
0.7510388957075579
0.7458747712982107
0.7565362894977089
0.7485317830687477
0.7466543294763384
0.7511910354720764
0.7622640839026223
0.7524700672610736
0.7539148109930532
0.7540878101649829
0.7373672459427296
0.7581326034333971
0.7580399226273097
0.7583244266975657
0.756703672585664
0.7573780042153818
0.7478642419532499
0.7551675637613429
0.7508955487546716
0.7495361676885287
0.7563078778248672
0.7583001432641926
0.7505624117674651
0.7518285490814646
0.7438522599361519
0.745369670567733
0.7609354058901507
0.7469536728329821
0.7656384419511866
0.7517514581888671
0.7478529612218038
0.7534725268679688
0.7479163430915123
0.7580444834850406
0.7480393846834145
0.7410016964983034
0.752874528920209
0.7441604733465531
0.7469337207040222
0.7441903000177442
0.7674937689766667
0.7522373641345884
0.74014072286051
0.7641762517116656
0.7484587408918613
0.7439787453614491
0.7502784463419446
0.7573349718694325
0.7584295714337136
0.7459883822978142
0.7510298159384755
0.775204027140582
0.7501039085898009
0.7481499490914556
0.7485038527738447
0.7538931215334591
0.7286283241377441
0.7464266529777136
0.7573564781081912
0.7613649478665104
0.7417456552049694
0.7534404507384538
0.7509709574730205
0.7611329202303788
0.751396814981235
0.7565750899138274
0.7605285026408845
0.7452857361900619
0.7481322619716714
0.7496846494931504
0.7501917150332124
0.7547020934246125
0.7425116388886055
0.7576510707537333
0.7607490287882035
0.7452300831123627
0.7426570079944752
0.7591400698571454
0.7510900541598288
0.7474491684544973
0.7454941912933863
0.7444033556503945
0.7448834048378198
0.7449098229410311
0.7391131939120472
0.7358032487056874
0.7299139455469829
0.7769467411227228
0.7571232959088262
0.7406812663431516
0.7596232891088597
0.7319783457995975
0.7428249385738206
0.7493751004890166
0.759431662372145
0.7297184555619156
0.7426979056110986
0.7572501544952196
0.7355290563019479
0.7302361373543168
0.7392787646357484
0.7437341853423372
0.7472422829380442
0.745222522151977
0.7300873906524094
0.7293278773625737
0.7571623524028626
0.762067231848526
0.7389041229530617
0.7622133692105609
0.723972413274977
0.7568181532116514
0.7201133922294334
0.7194808412481237
0.7525470675758535
0.7543508741586026
0.7469222170335276
0.7542484159822598
0.7491699501590134
0.7265530361069578
0.7602153597056552
0.7360764697745433
0.7569628335803773
0.7498149253703933
0.7426594937289052
0.7449897240706217
0.7026672076501059
0.7154104333978566
0.7262253154204674
0.7011450794008037
0.7065838498098722
0.7778940002122366
0.7313039435723749
0.724096567611059
0.7181254956457365
0.722739115909281
0.740926883860327
0.7410062176209875
0.7286468987112558
0.7292030210456005
0.7173585538512023
0.7830675862503924
0.7748356659615263
0.7151407842282885
0.7634037247410563
0.7465749140711727
0.7357293963172005
0.7439649414133143
0.7514957057105184
0.7610187133042025
0.7170020319797374
0.7423378714808712
0.7730921684156051
0.7566561544381035
0.7069872109786509
0.738524346441307
0.7496698498725891
0.7411896873403468
0.7216838509948863
0.7294706967142071
0.7313357414751304
0.7392278710815484
0.7644576055028317
0.741848334118171
0.744433378731763
0.7613935227279299
0.750655746018449
0.7287788589309733
0.7553021488366157
0.7219817483868397
0.7364179182727698
0.7550841724429868
0.7635720393809922
0.7355806717574582
0.7274499535560608
0.772110954478935
0.7292805535495119
0.7513547892923709
0.7479988513164936
0.747846029422901
0.7531343654349998
0.7234757564685963
0.7214988028565623
0.7563296512320865
0.7222301430055239
0.754980135847033
0.7233989591951292
0.7339297312277334
0.7389183684631638
0.7634315645302676
0.7500791130242485
0.7458168577020564
0.7255793125541122
0.7358779973462541
0.7621327329626709
0.7396890785959435
0.757141254566334
0.7521512243490192
0.7249769303533847
0.7408814385956377
0.7538951061390304
0.7514412932925465
0.7492798986256198
0.7329803506533304
0.7521040770193608
0.7542929318216304
0.7323873484586619
0.7432031476938943
0.7657202703660465
0.7472929005269656
0.7488384732497045
0.7371505719644053
0.7380420035786096
0.753444044678259
0.7568667597485985
0.752348471570898
0.74827564205642
0.7445762179515972
0.7338822197032248
0.7459615093674076
0.7432645117793747
0.7637232586146928
0.7490671762602626
0.7609668594820624
0.7445834058302432
0.7454481169030837
0.7369021839568798
0.7507427401013447
0.7384579843944968
0.7419981779883569
0.7371074910519104
0.7478998789080867
0.7337013505297291
0.7422664253783572
0.7414183417956034
0.7365439291362281
0.730073312918337
0.7775657684713272
0.7310857154704906
0.7409030398044939
0.7481689055761498
0.7359034551777172
0.738441069921707
0.7404711180909268
0.7411439661557435
0.7417503286291052
0.7654854125446744
0.7354365057987292
0.7490186095236553
0.7444787444889306
0.7723736343562221
0.7425950942954548
0.7449905717814408
0.7346048046176392
0.7394103076722887
0.7378933738779504
0.7326018456923696
0.748578323258294
0.7368423099691657
0.7450453153154801
0.7453141896796711
0.7565693766982468
0.7580184715765493
0.757076241394071
0.7394672411459154
0.7446902350802357
0.7428449149523566
0.7539155792306971
0.7429329730328951
0.739671422375573
0.7375951784605379
0.7486094854319211
0.7452163365152037
0.7528891607567116
0.7512744046322539
0.7320589599782136
0.7380183427370917
