4.344623804092407
1.0618462474257857
0.7782050591927988
0.7168497995094016
0.7042438829385894
0.6939702100224112
0.7001171421120385
0.7155026881783096
0.6958768169085134
0.7043268283208212
0.7072397249717947
0.7328951115961428
0.7016502729168721
0.7354903817176819
0.7170747584768791
0.7214985489845276
0.7206603509408457
0.7136784968551249
0.7316042758800352
0.7144002980656111
0.7279798476784605
0.7298901787510621
0.7224752792605648
0.7272412556186725
0.7196022912310626
0.7299174997540213
0.7232202225260953
0.7330487458794205
0.7074210091873452
0.7266115148862163
0.7231562844031999
0.7255915359214918
0.7316449372856634
0.734644165745488
0.7235534875479672
0.7535862105862947
0.6967599171180325
0.7270084707825272
0.719493150710938
0.7542158872990469
0.742135520334597
0.7666621318570432
0.7405518205078103
0.7626920165839093
0.7505350289521086
0.759636430828657
0.7227916805832474
0.7303137867539012
0.7365871005588059
0.7454259704661355
0.7398934452621998
0.7246656859362567
0.7400269707044055
0.709579381677839
0.725954567944562
0.7318551518298961
0.7463547477015725
0.7330388779993391
0.7000403558766384
0.7203061139142072
0.7534518970383514
0.7171913252936485
0.7391212670891373
0.7396332113831243
0.7536834434228618
0.7504362463951111
0.7342274343525922
0.7329625928843474
0.7146937074484787
0.7077007978050794
0.7249228534875093
0.7509990312435213
0.742896276491461
0.707804384054971
0.7607730119316666
0.748843040731216
0.7413809696834216
0.7326493020410497
0.7663530243767632
0.7534746174459154
0.7589642162676211
0.7231874134805506
0.7204916499280479
0.7301967850437868
0.7436835876217595
0.8259130076125776
0.797105747240561
0.7518773961950187
0.738017166102374
0.7470109175752718
0.7517407249521332
0.7575789513411345
0.7413531232766227
0.7305081773687292
0.7573068296467816
0.7480789732050013
0.7453972123287349
0.745770792166392
0.7346938362828007
0.7392007686473705
0.7491336509034281
0.746153255303624
0.7921755667086001
0.7385506475413287
0.7443450534784523
0.735877582320484
0.7485131378527041
0.7588169199449045
0.7578383463400379
0.7430343053959034
0.7495090277106753
0.744419707192156
0.7457017258358805
0.7366625379631332
0.7709265792811358
0.7508669208597254
0.7522678772607956
0.7614120686495746
0.7285719226907801
0.7860348180488304
0.7562399462417804
0.7505644868921351
0.7426326274871816
0.7231391094349046
0.742329701229378
0.78014623456531
0.7344144494445393
0.7445087278331372
0.7415184146828122
0.7299470128835964
0.7525017062824894
0.7033770437596013
0.7698334477565177
0.742879818986932
0.7533572890143297
0.7443660188604289
0.7740909346827755
0.7576774182143161
0.7987404244917408
0.7443054185973191
0.7551615966690874
0.7610240070908161
0.7595445359193909
0.730407809769786
0.7495926640651841
0.7527340915468015
0.7806283599800813
0.834994395573934
0.7795373267598587
0.7363917297787137
0.7495788931845292
0.7532053854730394
0.741706850352112
0.767020825986509
0.741870332647253
0.7703501273081679
0.7677555967263251
0.7542282033849652
0.7426422657790013
0.7386064661873711
0.7546470761299133
0.7688735922177633
0.7498247733823088
0.7422620609954551
0.7675570514467027
0.7417337806136326
0.7747381108778494
0.7673010759883502
0.7600367510760696
0.7486808587003666
0.7408997902163771
0.773278190029992
0.7501860746630916
0.7369501899789965
0.7758862332061485
0.7602972873934971
0.7668122119372419
0.755209578408215
0.7319837676154238
0.7474887437291597
0.7453855055349843
0.7697859605153402
0.7430270336292408
0.7515411178270975
0.7679193947050307
0.7551375362608168
0.7607392403814528
0.7357920231642546
0.7392507504533838
0.7645594963322337
0.7590029350033513
0.7498828547972017
0.7621135910351808
0.7369100186559886
0.750369434003336
0.7477935089005364
0.7440980518305729
0.7559277503578749
0.7524189176382842
0.7713540748313654
0.736814037517265
0.7410186705765901
0.7425236503283144
0.7563100368888274
0.7592101428244815
0.7731372736118458
0.7737372164372971
0.7436097727881538
0.7491091136579167
0.7816295027732849
0.762917114628689
0.7589811528170528
0.7493195666208015
0.7441679945696797
0.7535599845429162
0.7329403978806953
0.7735783082467539
0.7679195602734884
0.7637546503985677
0.7462246638759106
0.7720897219798011
0.7442179256015353
0.7440333918288888
0.7564762852809773
0.7382436593373721
0.7391457513526626
0.765036631513525
0.7439342935880044
0.7470061933552777
0.7397699356077959
0.7603606581687927
0.7441289733957359
0.7393914681893825
0.7971703984119353
0.7564772544083772
0.7348973088796455
0.7511257153970224
0.762615214895319
0.754582318994663
0.746918594395673
0.7336265643437704
0.7703906739199545
0.757877974598496
0.7431485652923584
0.7437316068896541
0.74719532551589
0.7559746238920405
0.7735101492316631
0.7499037958957531
0.737846937444576
0.7448742080617836
0.764019409815463
0.7683173550499744
0.7583257644264806
0.7530762773972971
0.7107895502340229
0.7641709954650386
0.7497754957940843
0.7890139001387184
0.7403951243118009
0.737308903976819
0.7943183117442684
0.7424642465732716
0.7574135550745075
0.7665611549659856
0.741403235329522
0.7659875132419578
0.7627510273898089
0.7572730801723622
0.7458267013231106
0.759986042976381
0.7525800002944969
0.7393510319566288
0.740743350099359
0.7596777854142864
0.7454039211626411
0.739521227500879
0.741618984275394
0.7308181634653675
0.7320431735780504
0.7928200960159527
0.7666657633251615
0.7446397255968165
0.7403727858154862
0.7418420866683677
0.7652611622103939
0.7548473300755117
0.7661924605016176
0.7555880436191961
0.7440913937710512
0.7736783380861886
0.7603571370796702
0.7522415320077327
0.7532808758594361
0.7438210248947149
0.7698080186491381
0.7501755621698167
0.7481468010832611
0.7481498961095456
0.7559358036076581
0.7449623191799895
0.7574331296814768
0.759959512286716
0.7591259060082612
0.7409980826908104
0.7395263799914589
0.7652979890505472
0.7644403643078357
0.7604805385624883
0.7329726307480384
0.742616264908402
0.756952773641686
0.7578630844751993
0.7553494903775941
0.7620537921234414
0.7492049954555653
0.746047419530374
0.744516008430057
0.7418154389769943
0.7423014994020655
0.7618798812230201
0.7488025426864624
0.7472815579838176
0.7534291148185729
0.737179634747716
0.7476386957700312
0.7462941695141357
0.7556133115733109
0.7497603451764424
0.7546951351341823
0.7492491492518673
0.7577579816182455
0.751570079061874
0.7283183799847787
0.7567584602921097
0.7563561642613059
0.7614555116052981
0.7563613079212331
0.7548777350672969
0.7456344719286319
0.7509891412876187
0.7463553746541342
0.7499636235060221
0.7581846140049122
0.7515209537965317
0.7398744689093698
0.7430934111278182
0.7397617962625291
0.740028248892891
0.752518848136671
0.7446788483195275
0.753475668253692
0.761981756598752
0.7527812895951448
0.7478509192113523
0.7463463898058293
0.7534670366181268
0.7548042557857655
0.745237014911793
0.748799118730757
0.7401854395866394
0.7471248993165995
0.756449065826397
0.75234587987264
0.7465426303722243
0.7336733142534894
0.755871033226994
0.7423651836536551
0.7423891469284364
0.752798080444272
0.7669821160810965
0.7633560564782884
0.7391677211832117
0.7500284932277821
0.7607484923468532
0.7460623626354155
0.7440667704299592
0.7465213382685626
0.747416677298579
0.7407477939571623
0.7519258260726761
0.7599063846799997
0.7457956914549972
0.7313397151452524
0.7484854790899376
0.7574499713049969
0.7610457627861588
0.7473674284087289
0.7504341138733777
0.7523655692736307
0.7393580630973533
0.7485931405314693
0.7439243793487554
0.745429809446688
0.7490187971678305
0.7408767916538186
0.7556006290295697
0.7565878342699122
0.7493987524950946
0.7457788167176423
0.7554075188106961
0.7469167621047409
0.7429174206875581
0.7439991434415341
0.7548599728832469
0.7487559473073049
0.7352432718982718
0.7404124758861683
0.7449142491375977
0.7256401269525653
0.7742750225243746
0.7579655514823267
0.7639038915987368
0.7599359552067347
0.7449452810816835
0.743591006155368
0.7589079649360096
0.7855596652737373
0.7672492596839694
0.7564636910403222
0.7563262007854659
0.7552896252384892
0.7314839804614024
0.7386914381274468
0.7510598699251771
0.7303753208231043
0.7607141622790652
0.7434447164888736
0.747427629099945
0.764487112009965
0.7540108738122444
0.740349860103042
0.7625397267164818
0.7283246362650835
0.7358547404958297
0.7359327232396161
0.7366180728982985
0.7717358359584102
0.7370355040938766
0.732361705214889
0.7430899319825349
0.7303410680204657
0.7721590775030651
0.7709212766753303
0.7433819660434017
0.758461559260333
0.7627566258112589
0.7551853281480295
0.7568084928724501
0.7196648783153726
0.7236099530149127
0.7414912857391222
0.7593232856856452
0.7958326604632171
0.7855230371156149
0.745906779059795
0.7231976610642893
0.7436693200358638
0.7511594836358682
0.7610196581592533
0.7472851916595761
0.7667213545905233
0.7760407085771935
0.7349012295402751
0.7643291817771051
0.7475604900609006
0.7380633906081874
0.7854604787297574
0.7500203340141861
0.7491188601211864
0.7253132374198349
0.7600942563127588
0.7394804822074043
0.7618026468488905
0.7434913913411536
0.7559234102565634
0.7452729543050746
0.7256723465742904
0.7585499352878995
0.7537302705976852
0.7760513645631275
0.7424818608495924
0.7418316028736256
0.7285447760863376
0.7711513859253398
0.7634976881521722
0.7429591660146393
0.7568876743317291
0.7635465838291027
0.735243316049929
0.7448842724164352
0.7468078313050447
0.7413313742039206
0.7253254983160231
0.7567561842777103
0.7628006383224775
0.742000047807344
0.7407969170146428
0.7511509502374248
0.7845411146126012
0.748357351179483
0.7538282054441946
0.7330224756841306
0.75620816372059
0.7392486819514532
0.7388337894721986
0.7538530804492809
0.7358067808325278
0.7472192181481255
0.7538126155182168
0.7239361206689786
0.7765908925621661
0.7507038160605222
0.7465661940751253
0.7496816537998341
0.7517680106339631
0.7530770036909321
0.7439337284476655
0.7490174792429077
0.7515654276920946
0.7371990128799721
0.731754444263614
0.7616626289156907
0.7557162200963881
0.7504347695244683
0.7457109513107634
0.7420443605493534
0.7414507910057412
0.7476899270658323
0.7326117312466657
0.7353311710887485
0.7557614754747461
0.7449181344774034
0.7598098384009473
0.7353158747708326
0.7426269650459626
0.7454045900592057
0.7530352142122204
0.7473674394466279
0.7517606042049557
0.7441421416070726
0.7454092944109556
0.7479038437207545
0.7570781553234472
0.7461251594402172
0.7561508218446716
0.7631086685039257
0.7452567904083799
0.7580627931487416
0.7372472573209692
0.7432415088017486
0.7373298009236656
0.7401286142841365
0.7442885659359012
0.7456887894203571
0.739449368582828
0.7373608659816079
0.7422193509561106
0.7458400417257238
0.7538423251222633
0.7550711653850705
0.7391338745750561
0.7462881008785474
0.7497218405758673
0.7419273787074838
0.7313401853596723
0.7413422509475995
0.7386296523942554
0.7386443482504951
0.7677629082293406
0.741773333814409
0.7425458365016584
0.746961443512528
0.744668282844398
0.756676923345727
0.7403034038013883
0.743946905489421
0.7366178653858326
0.7438146714810975
0.7345814219227543
0.7336077910882456
0.741957370881681
0.7488733022301288
0.7420635996041478
0.7449457733719181
0.761409494612167
0.737143245008257
0.7289462486903255
0.7506008192345833
0.7357413989524607
0.7578868601057265
0.7488058959996259
0.7489140718071549
0.7410320970747206
0.7457292962957419
0.7528696060179466
0.734998349790221
0.7555547643591771
0.7361543090256402
0.736640727078476
