0.05850369663608877
0.4134732153680589
0.582596551488947
0.6231388074380381
0.6462503539191352
0.6326667865117391
0.6415651528923599
0.6057717910519352
0.6007804296634816
0.5960983589843467
0.5563594544375384
0.5722337045051433
0.5536753424891719
0.5351508712327039
0.5465911935876917
0.5503397186597189
0.5398775990362521
0.5306359154206736
0.5132242584670031
0.5456433318279408
0.5310010887958385
0.5499596960014768
0.542422976758745
0.548820901800085
0.5356537302335104
0.535560644335217
0.5200695483772843
0.5109303957886167
0.5302980928509323
0.536305844783783
0.5056691202852461
0.5019496116373274
0.49703898474022196
0.46546211066069426
0.4851975507206387
0.5151665861959811
0.5369401276111603
0.48478753588817736
0.48549548232996903
0.5027055933519646
0.4737077167740575
0.4786206274120896
0.5024693961496707
0.5168291275148038
0.4863422888296622
0.517165826426612
0.5034836067093743
0.5053938538939865
0.47009085173960086
0.5068104112589801
0.46870876131234346
0.5047313228801444
0.5191423109284153
0.5040077258039404
0.4827756142174756
0.4840890180181574
0.4795501110730348
0.4685996042357551
0.5069086860727381
0.5113167906249011
0.4618788383625172
0.4507107447694849
0.46545735663837856
0.47194142474068534
0.5006757786980381
0.4828217128912608
0.4825523120385629
0.4323385302667265
0.47149782600226225
0.4380106865255921
0.43808496439898453
0.4208834060916194
0.42941621166688426
0.44224791946234526
0.3975639660601263
0.4250788655545976
0.4315496064998485
0.447562081946267
0.4000870016989885
0.45169074833393097
0.41878888342115617
0.4107282691531711
0.3815869766253012
0.3775257975966842
0.3660119010342492
0.3221498672608976
0.3884790826726843
0.3875659671094682
0.3842149387907099
0.3659173669638457
0.37389475107192993
0.4063577238056395
0.369240516865695
0.3753419043841185
0.33037891928796415
0.3682253592544132
0.3245057772707056
0.37449242560951795
0.3670864149376198
0.31740497052669525
0.3613381755572778
0.3340886820245672
0.3158477423367677
0.3595250618678552
0.3234939095046785
0.3323143991055312
0.2984255839277197
0.32815051409933305
0.2991363312359209
0.3460033773272126
0.3522456299375605
0.33154707181232945
0.2871759580793204
0.3194395919088964
0.3519968992030179
0.3001195611777129
0.316740868544137
0.3146384775086685
0.2666871558736872
0.3578679385008635
0.32100597327506103
0.2966721041335
0.3009753130652286
0.3550327334690977
0.3288218718436029
0.2630760046067061
0.2959953563080894
0.2823327412759816
0.30475814640522003
0.29579625747821947
0.2993374530363966
0.34022851039965946
0.3152434406457124
0.29640556430375137
0.29453470171601687
0.2950650403896968
0.2496717635680128
0.259453425804774
0.2955043564240138
0.2907835187183486
0.2560377076820091
0.25946377217769623
0.22698984543482462
0.21979657919318588
0.23302940444813836
0.2748598375668128
0.2773563678341883
0.2600558452584125
0.3126847434926916
0.2805762274397744
0.24455688976579243
0.26016066858062037
0.23106196771065393
0.25902873663990583
0.27918385631508297
0.29899650867338534
0.2620186789168252
0.2616680007841852
0.2604083024241306
0.2602977239423328
0.271557562329151
0.2294303802428422
0.24580313624055297
0.259723366410644
0.26280820424909945
0.23918512960275015
0.2574986826490473
0.24877462149770171
0.26997017584465166
0.27071816943309923
0.22633134518508558
0.22984142822247963
0.25749950386859755
0.23745907732733973
0.22440610191336385
0.26333818639870044
0.22682472346005617
0.24732630285951826
0.2710750227173169
0.23978982700241935
0.2181755605119246
0.22368457637451314
0.2211503389256972
0.18687869277265337
0.22182387858629227
0.25309904306023207
0.25700419423756776
0.27950253199647973
0.22766160523449933
0.179299952255355
0.249392737393026
0.23571004911705298
0.20728865100277793
0.24863344375733976
0.2273594583902094
0.2579844974809223
0.20928619829592882
0.2629205783208211
0.23143565847917838
0.22409832974274954
0.21753949037304632
0.2427498190491288
0.21055141049954626
0.21119853343676637
0.2176701684516889
0.21284388985346864
0.22505012154579163
0.2433756316701571
0.24106493495680667
0.2198747564797048
0.22383388545778063
0.22321388842882933
0.23105364016912602
0.20616647518343395
0.2124880728898225
0.2068830113168116
0.2194645011590587
0.1969904384955212
0.23136144131422043
0.21192686563288723
0.24282576778420695
0.22477515262586098
0.23720531662305197
0.2405351324489823
0.22372457302278942
0.2793855393926303
0.24036960110620217
0.2246921739920422
0.21157024717993206
0.15777740061835008
0.23929928118983904
0.2509395298030641
0.252845314917741
0.21127364011826338
0.23493872803670388
0.23819604681597817
0.23542378732451685
0.26325299963355064
0.2098077950930154
0.2502651410522284
0.19482051415575874
0.20768425972373397
0.24377486054544095
0.216505431190685
0.21635323762893677
0.22158481056491533
0.1950636633016445
0.20469106982151666
0.2379580283606494
0.21626771958889784
0.20859512231416172
0.20993516373413582
0.18436419549915525
0.2025831871562534
0.2556060198004599
0.1258093758865639
0.2218477043012778
0.1934442619482676
0.20410199325393746
0.24412046234916757
0.23104839937554467
0.1502283193446972
0.20640053075772744
0.2269111054914969
0.19593237133489716
0.21960783887792518
0.2081867961419953
0.1797030653666567
0.2430354094615689
0.15356514326952123
0.16825370435361509
0.20513750861088434
0.19049162445244966
0.1922494482111048
0.21979368367680796
0.2246372992241824
0.20019076433446673
0.1713165765007337
0.16398466985534738
0.2232968423653532
0.24999208279229976
0.1700927761417848
0.2058432681692971
0.22324353387510334
0.16022977343312017
0.20884585159796257
0.23593455704825897
0.21611934458767926
0.17976161782388334
0.21529989275667402
0.18910007813462504
0.19614774181886954
0.20293099764320585
0.25951372114596544
0.19562539844601243
0.23721518753855317
0.2046145843686881
0.197918096350299
0.1943853861755795
0.1731565260776767
0.22167848657678674
0.21469219967170997
0.17763942811224195
0.14682725099501787
0.20094553270825632
0.19751488196629066
0.16440146802752106
0.18782748889040063
0.1796087481909328
0.22394813348849615
0.20004320448195492
0.15035093548121276
0.15343877949096538
0.1854855752101651
0.21541084928645027
0.2048209011554718
0.20285397464478458
0.18623906125624975
0.2061492626865705
0.1630061991788723
0.179376776571627
0.21896820156662553
0.1711795418350785
0.20225842435050895
0.20194265411959755
0.2307822204850338
0.1657057754971363
0.1801117711045124
0.19383834523183327
0.1917377978011414
0.19710787992786477
0.17522956044585616
0.17432294068513093
0.18900208506319258
0.1627544269517616
0.2377935410649688
0.15691478074323623
0.19365612389864745
0.17365968310170704
0.1485441431955055
0.19722185256304564
0.17676264930654456
0.1581981187922266
0.223856011750778
0.19361719984908296
0.20200883210809142
0.22760714369791474
0.1862204011396509
0.18868414312600887
0.17615341671087154
0.16575330937773933
0.200362822798184
0.1534707670419828
0.1457119114972861
0.18838653437517308
0.194205299019814
0.1573046134642455
0.19125179339338172
0.14904086342798165
0.1722747860325523
0.2181286447157213
0.18003095548461998
0.16339397871930397
0.1721320781442854
0.21641842110289383
0.18969193404471435
0.19751309272320172
0.20181553038182082
0.15068171669935887
0.15902153099150396
0.19680390093059272
0.18972688195794485
0.1692916988223473
0.18357886843107366
0.19572989256294127
0.2152084804795415
0.15341788102631215
0.18921787949577448
0.20404403008244706
0.15698695394407472
0.14229650864432378
0.16932083051051994
0.23875324332249026
0.21297502519497927
0.16869104074107277
0.16128923881955767
0.1797849126907261
0.20856233631811774
0.2319502609748717
0.2257475501858597
0.2063498058252844
0.18562103728207638
0.18930251537599876
0.18163364522113093
0.1571237541465852
0.17798352462274056
0.16836455125829894
0.15250612878136086
0.1538879261524589
0.16352406116547408
0.1545329863826412
0.17790378354213857
0.17038076855067635
0.18574413767841347
0.15882936285601393
0.12385946457046446
0.2415739250967188
0.14578915965430084
0.1855552295861939
0.15907643707809915
0.16225303212705205
0.15791292240222296
0.2014414287735962
0.13752326626463474
0.1519498572586643
0.15190145842455052
0.17508709594927166
0.22152760597291052
0.19838977067007282
0.12115223236397375
0.2201848590311506
0.17394303755941995
0.18671798113689708
0.1427511832292581
0.16515061176483933
0.24127655227979156
0.18267545380217937
0.14596528477138945
0.16776081395538456
0.14363777361534347
0.227813782758338
0.14093271406850189
0.15263528666562504
0.18499309252244933
0.20164824884247234
0.13725711570844584
0.15005157181909526
0.15523993789579796
0.20021294085518143
0.18685836365607997
0.12767179600353276
0.16402051377278448
0.12966838550770948
0.1871673169511336
0.1608365274679295
0.1741720985780694
0.1580908810142878
0.15440052609752752
0.15297047752380225
0.14744687784043947
0.19816591908552528
0.18049342102474394
0.13895068885262163
0.15803654560888858
0.1775234471316691
0.1534112547702558
0.16424733924644966
0.20297929968798933
0.19228609092533588
0.20897235121164057
0.11692191522432804
0.1265030590196455
0.19155768884610355
0.13961994868737823
0.19292828778742394
0.1996020640212728
0.16815036397289346
0.17962784209739113
0.146814124761766
0.15838143367458274
0.12659225419723577
0.22587998128599965
0.12325185323051385
0.1984743238599212
0.2352100442394971
0.17621203056640128
0.19027825053657302
0.1358909488276199
0.11760959360025244
0.1672166160771966
0.1460793268073527
0.19568980761190502
0.1398607908437653
0.16805297122509344
0.14584064209740452
0.13805274485964672
0.18819538227958077
0.18164502753425363
0.16920487403317733
0.2211659631699044
0.15890856416625312
0.18384296060704727
0.1412527504615899
0.15364057957022278
0.17405806151765157
0.17040383774373266
0.19166353864237248
0.14878540690104955
0.15068264678120613
0.14779996071700696
0.1347282053613202
0.13458120430365567
0.18252971163036558
0.14101063391152857
0.14735196953413907
0.14800067880623893
0.13695041393789442
0.14965119616107445
0.18473713859010768
0.1351828572374803
0.20210503648849698
0.1796895233892342
0.13142946693633847
0.1877858274512897
0.17751410327383035
0.20488841197005025
0.19641700787140762
0.17761565598764098
0.15268963165483815
0.11858181586425814
0.15204594794798781
0.12515533977636586
0.1312029164414224
0.15484332141477514
0.23099063267862133
0.18966986238920416
0.15975025627348896
0.18542726834615067
0.16070845709356776
0.14003094119934317
0.19079122168055576
0.16207984267813164
0.16782528934655372
0.16428260614119317
0.1223858110613517
0.15166123087207475
0.16794321106986243
0.1864699041185442
0.127721764423229
0.1820696744309327
0.17883132425714787
0.15196007697118652
0.17112369931615493
0.1628354311524651
0.17039949375774818
0.17677204538973262
0.15212401292390293
0.14752257587692452
0.13735167240654944
0.1942391445239385
0.18664087161973533
0.1341351282164442
0.1746744897078503
0.13836165462379105
0.15421621722203807
0.14577527399406645
0.16567061662351576
0.15177332251295853
0.15307753355650067
0.11391105461351099
0.15865948423742868
0.11998500081676357
0.15941126851576734
0.14890195926030347
0.17749461080938012
0.1722302155362074
0.14723219074022986
0.18596204356281326
0.1410815398450251
0.10814357594578373
0.1368225839126993
0.14177316661835507
0.1508389504411315
0.19429880656577517
0.16243272523101607
0.23311290738256563
0.12506016343832016
0.13755149656433766
0.14903554306537986
0.11854027804943053
0.15103250515301805
0.11211263469941199
0.12005060110931041
0.13048995463129243
0.2046608338477435
0.14062728249904508
0.21018221974372864
0.14083705952873937
0.10450381233736321
0.16997236565357307
0.17050761343229842
0.14887129115285697
0.1725684911691467
0.15148053883954266
0.12267542120426708
0.13461721288232112
0.18167184293353403
0.17357260832566584
0.15004108466787083
0.147067604661624
