5.539440913633867
2.018284331668507
1.0505928993225098
0.8130698800086975
0.7418093247847124
0.7153188477862965
0.7025643966414712
0.6947250745513223
0.7002169273116372
0.6896920475092801
0.678553743795915
0.7069493207064542
0.6971898349848661
0.6922580708156932
0.6798584298654036
0.7219513167034496
0.6946051770990546
0.6965595917268232
0.7086379148743369
0.7166065736250444
0.6946716796268116
0.6909736394882202
0.690961707722057
0.7025829282673922
0.7030516537753019
0.7006028240377252
0.6809265125881542
0.6912180185317993
0.7167605107480829
0.6794027848677202
0.7036906209858981
0.6822099468924783
0.7550936558029868
0.6953138492324136
0.6657456105405634
0.7039564739574086
0.692467906258323
0.7044008645144376
0.6939131888476285
0.735694023695859
0.7165241566571322
0.6945446241985668
0.7078945094888861
0.6995095664804633
0.7022621252320029
0.7098443779078397
0.668766130100597
0.7098411375826056
0.6802867217497393
0.7510198083790866
0.679352879524231
0.7267278703776273
0.6923656626181169
0.6897216005758806
0.6635242700576782
0.6696978103030812
0.7919994159178301
0.6557347124273126
0.740322470664978
0.6847729466178201
0.7570278969678012
0.6989302310076627
0.6928124048493125
0.6728804111480713
0.7228407995267347
0.7540644894946705
0.656353004954078
0.7703052813356573
0.7354616251858798
0.6042032133449208
0.8983411626382307
0.7311693429946899
0.7387321862307462
0.6841251091523604
0.776500715450807
0.6885972781614824
0.7823340432210402
0.6614242737943475
0.7216706059195779
0.8567074320533059
0.7006674137982455
0.7464306246150624
0.709925814108415
0.773287442597476
0.687860293821855
0.7792663086544384
0.7143439000303095
0.6914929937232625
0.8384887250986967
0.6280482303012501
0.7687835422429171
0.6896080483089794
0.685553252696991
0.7449288368225098
0.6506411595778032
0.7683314085006714
0.7490188940004869
0.8003204302354292
0.7293837883255698
0.7464735182848844
0.7231476713310588
0.8576249480247498
0.7121065042235635
0.7493133003061468
0.7053538885983553
0.7073772116140886
0.6975646940144625
0.7184081944552335
0.6985106576572765
0.7693025957454335
0.7338671575893055
0.6814862110398032
0.7843471467494965
0.7290228225968101
0.701246359131553
0.6471940983425487
0.7331422106786207
0.9083738706328652
0.723945601419969
0.8402253768660806
0.7078508978540247
0.7396904501048002
0.7164199243892323
0.7454025826670907
0.7636394609104503
0.8236469518054615
0.7346448248082941
0.7112996957518838
0.7262289334427227
0.740065032785589
0.7390729514035311
0.7503205700354143
0.6960609771988608
0.7369479970498518
0.7131258005445654
0.7252215688878839
0.6881227113983848
0.8265092914754694
0.682110911065882
0.6873641555959528
0.7193181948228315
0.7477160258726641
0.7660863724621859
0.7156241211024198
0.6974406675858931
0.7205464135516774
0.8321376957676627
0.7801651629534635
0.7601250464265997
0.7055297331376509
0.697117724201896
0.7642476883801547
0.7709072232246399
0.6834127848798578
0.7212075103412975
0.8111777034672824
0.7811333699659868
0.7408070889386263
0.704287363724275
0.7147803360765631
0.667389685457403
0.7504164955832742
0.7013342001221397
0.7417822588573803
0.6907718073238026
0.6820598407225176
0.777113903652538
0.7424663251096552
0.6870365034450184
0.8110464188185605
0.7874499505216425
0.6975210525772788
0.7250933755527843
0.7613091577183116
0.6721923568032004
0.7702981992201372
0.7232606085863981
0.8140754103660583
0.7306023240089417
0.7779166102409363
0.687455109574578
0.7430141839114103
0.6973878958008506
0.727577724240043
0.7136277881535616
0.7136776393110101
0.7920781373977661
0.7368317138064991
0.6998721740462563
0.8265697739341042
0.829950289292769
0.6943197412924333
0.7514589970762079
0.7102431383999911
0.7679159912196073
0.698483326218345
0.7826281244104559
0.710194159637798
0.7881007086146962
0.7461119131608442
0.6920510693029924
0.7309702309695157
0.7005747123198076
0.6705727197907188
0.7262404452670704
0.6912449896335602
0.7488517273556102
0.7041912214322523
0.7590303421020508
0.7470866387540643
0.6992130144075914
0.837956580248746
0.7234283523126082
0.714766112240878
0.7639976360581138
0.7654355872761119
0.700880462473089
0.7646837722171437
0.7501560503786261
0.7055970918048512
0.7270945418964733
0.6904826977036216
0.7211606990207325
0.7907807610251687
0.7299958575855602
0.7014340649951588
0.7754822698506442
0.7268982529640198
0.7076153213327582
0.6947967951947992
0.6813554547049783
0.8401418924331665
0.7091998512094672
0.7553406791253523
0.6766609603708441
0.729924510825764
0.8172280084003102
0.6951342116702687
0.7861542105674744
0.7559033632278442
0.7049409692937677
0.7597567601637407
0.7665086551146074
0.7814211086793379
0.7276896698908373
0.7742024497552351
0.7831795757467096
0.7450015870007601
0.7642083222215826
0.7767559560862455
0.7064455964348533
0.8062413985078986
0.7655106241052801
0.7276213656772267
0.7366339618509467
0.7285917455499823
0.7151378122243014
0.7568911910057068
0.6807320009578358
0.7713067206469449
0.7833494706587358
0.7460973316972906
0.706469102339311
0.6981703557751395
0.756933331489563
0.7228026444261725
0.7686298977244984
0.7595267620953646
0.7480019493536516
0.7795496582984924
0.7885267626155507
0.7364855083552274
0.710331532088193
0.7542451782660051
0.7524550936438821
0.7636398239569231
0.7402554858814586
0.6951717788522894
0.7122480327432806
0.7166396271098744
0.7715620452707465
0.7353923700072549
0.7485902471975847
0.7768188660795038
0.7918488708409396
0.7002091570334001
0.8196516036987305
0.7094654169949618
0.6774933013049039
0.7300194718620994
0.746564117344943
0.6646095487204465
0.792020548473705
0.7511117512529547
0.7129075906493447
0.6876604936339639
0.7114708098498258
0.8053597591140054
0.6898336518894542
0.7615210359746759
0.8088864088058472
0.7028171203353188
0.752726982940327
0.7079139893705194
0.7043817205862566
0.6956448609178717
0.6377795880491083
0.6578788432207975
0.9415497996590354
0.8086029616269198
0.7714132449843667
0.6675800681114197
0.7006418298591267
0.788509027524428
0.7811141989447854
0.7120869647372853
0.7565639046105471
0.7457105679945513
0.7091282931241122
0.7108653133565729
0.760478442365473
0.7872251651503823
0.7254248803312128
0.7026159275661815
0.6728802133690227
0.7980127280408685
0.67304666204886
0.7966761263934049
0.7014051133936102
0.6917423958128149
0.7294818596406416
0.6781477440487255
0.7350404479286887
0.7173366817561063
0.7200561599297957
0.796165482564406
0.6656252660534598
0.6943718249147589
0.7105711102485657
0.7381866682659496
0.7908069599758495
0.8681503534317017
0.7535505078055642
0.8402405435388739
0.7201515652916648
0.7384883111173456
0.7129856781526045
0.7368269779465415
0.7523789622566917
0.740627256306735
0.7728952982208945
0.7349636283787814
0.6965692801909014
0.7644170685247942
0.6861218647523359
0.7897094000469554
0.7190674976869063
0.7502198977903887
0.7173410003835504
0.7276348552920602
0.7924048223278739
0.7294861511750654
0.7542624311013655
0.7926512523130937
0.7460947633608762
0.7498573010618036
0.766252956607125
0.7645006017251448
0.727880450812253
0.672130747274919
0.6521790244362569
0.8069646034084639
0.7079774466435858
0.7537660761313005
0.735061851414756
0.7384870594198047
0.7446666901768881
0.698002446781505
0.757059406145401
0.7234872633779492
0.7406769232316468
0.7117893153487717
0.7574261210167765
0.9086571118357386
0.7675223296338797
0.7824964848432575
0.7806341431336837
0.7240790237087796
0.7363776672154053
0.6922582604668044
0.8028699105436157
0.7164359526177396
0.7331996993742962
0.734485225244002
0.8224069367755537
0.736549193214864
0.7556929317387667
0.7184910340742632
0.7291445461669429
0.7896851138635115
