5.448156898671931
2.0025419105182993
1.0639610669829629
0.8098556345159357
0.7404632676731956
0.7167940573258832
0.7009569514896176
0.7022541761398468
0.7005213824186982
0.6965659856804979
0.6847574925942278
0.696171836293818
0.7015618248397076
0.6903453686020591
0.6821167739954862
0.7054157365452117
0.7041024565696716
0.6867778463797136
0.6837248910557366
0.6933856227158735
0.6932320649707878
0.6992388584942023
0.6918822635260548
0.7013169852172073
0.7064982706850226
0.6985278942355944
0.699680122600575
0.6863609498207791
0.7006000551310453
0.7170325409267089
0.7079746723202992
0.7010813734737038
0.7154567566784945
0.7279701070348765
0.6944499666060168
0.6753712675788186
0.6500362808054004
0.6822739730711462
0.7217564745390089
0.7526674109659695
0.6869291446429844
0.6916123518915792
0.7127552195029877
0.7489618279717185
0.6874795610594684
0.695648561828261
0.6801737275990631
0.7064040790904652
0.6859879873033506
0.7698424242560086
0.7336384057999497
0.7061648477204767
0.6784045208584281
0.6858596368267413
0.6766659942540252
0.6584389047189206
0.6965074484528302
0.686774091290726
0.7700554999438199
0.7045574622075482
0.7902680202206805
0.7183253982523822
0.6807373003553194
0.6870319789106359
0.6794093034484001
0.7679547396572892
0.6921598504899145
0.679508691484278
0.7867615817866436
0.6140623065561092
0.7682859762143512
0.7606357715346597
0.7729346427050423
0.7227667515928203
0.7123354564677591
0.7041564854708543
0.7853152562271475
0.7330563555321152
0.7338349656625237
0.7703297463315116
0.6855301260943413
0.7308282635432568
0.7387895365894805
0.7324795072681276
0.717198821630943
0.8331187421139107
0.6987646654723142
0.7083767381581394
0.7767540974846046
0.7006503668933511
0.7636442455377687
0.6993012455376546
0.713237621607567
0.7741569795391786
0.73736081340636
0.7156343568455084
0.7013978687199679
0.7851365913049492
0.7487434255847428
0.7110520709732504
0.7693260528829817
0.8115808584469675
0.7257354692979295
0.784162862734954
0.7156815962357957
0.7084705829057326
0.7063684463958473
0.6813834634695088
0.6982956909381784
0.7001241662285504
0.7444457547231434
0.6972353620962649
0.756580856728613
0.7459991574287386
0.7155720808289268
0.6602320237228639
0.6720942015104672
0.8973233320496299
0.77312561869621
0.7629928643010179
0.7207348345166232
0.7175243334872671
0.7401579401709667
0.8071624959921359
0.7628580060872164
0.7832047017896994
0.7487668287332021
0.7304015647278892
0.7137952446727641
0.7584410634978844
0.6944476962035707
0.7622898329388257
0.7500600489462247
0.7431193156653692
0.7252202955180783
0.7224064415214774
0.7269800576987571
0.7082139741607985
0.7184333909641605
0.7428055730733489
0.7102036800036277
0.7299803007737359
0.7547263231920547
0.7116032296686599
0.7042967866764113
0.6927149973131532
0.7699596421260767
0.7617725513287102
0.7715299075299252
0.7101934227101806
0.7181116234172474
0.7547088862811193
0.7896154414523754
0.719386100769043
0.7258314111016013
0.7957421541205171
0.8622202819943264
0.758329976688734
0.7030397924506349
0.719528918784175
0.6973269310864546
0.7568794380699638
0.6902057772321973
0.7425833940505981
0.7291403792722096
0.740100828085811
0.7219028581272463
0.7522356945219019
0.7342878363349221
0.794385305859842
0.7556075345385824
0.728541845625097
0.7132054079657973
0.7273372465918926
0.7306838902560127
0.7250959710641334
0.7370019663463926
0.7937047264792683
0.7505013996267936
0.7676999298008941
0.7385869729651904
0.7244860556992616
0.6936575987117957
0.7366923742618458
0.7010045160012347
0.7430420844902632
0.7290842695669734
0.7465569241480394
0.7180865623734154
0.738644572821531
0.8287262321343595
0.7448544339701829
0.8043400753638981
0.781693030483596
0.8512353246862188
0.7029031731865583
0.7573061151938005
0.7112383300607855
0.6969881328577266
0.7716101895699802
0.7234154452077122
0.7248107682595472
0.7117793614214117
0.6395969010535206
0.7100918401371349
0.7491797695186403
0.7526783834808821
0.845778226726944
0.7449939251949083
0.7539230748315588
0.7046263163744397
0.9144118944640744
0.8234521638263356
0.7289309339090612
0.7861395207308863
0.7564997076990733
0.7357405424118023
0.7433286363446127
0.7531901760798241
0.7296319331544663
0.7474711266430902
0.7131664102727716
0.7166261618781609
0.7642222426154407
0.7196817127141082
0.720067203047032
0.7050628229482461
0.7358363758427415
0.7273145805719796
0.7018624273207211
0.7101431976994917
0.8085621378638828
0.6966744498776178
0.8051446622047187
0.6832991675868426
0.7581291361375481
0.770295858321803
0.7203276103196071
0.8003883253233698
0.77426747301102
0.8097472461787137
0.7297581733634793
0.7048871952459863
0.7742131677539558
0.7599237832157436
0.7653228586370294
0.7888771566477689
0.8491828441619873
0.7373681664562736
0.7592558427002722
0.7174669558362811
0.7926532355363374
0.7634352337230434
0.7415539839053196
0.7296825863515669
0.7447683704065817
0.7322925871040085
0.7430175705389724
0.7099434895951349
0.7403339797133828
0.7878701361744661
0.7636461420947854
0.6941476463333962
0.7491225437679745
0.7895916049354049
0.7306536869569221
0.7246569611819549
0.7462681802836415
0.738450678984341
0.7471843361856724
0.7828757654536862
0.7367406921037435
0.7148102738880506
0.7181967334301678
0.7893476701458788
0.7366192774339241
0.7202550389549949
0.7053245305969079
0.7128729657668521
0.7320822476608743
0.7529002373868768
0.7470270394261195
0.7541421056081083
0.8130270838737487
0.757335738702053
0.7385889129202998
0.7578310316426541
0.727346003055568
0.70602110297403
0.7038409059697893
0.7543741139498624
0.7145059217105877
0.7438790364706764
0.7709934711456281
0.7502505291591959
0.7870958772572607
0.7552285411141135
0.7987873987718062
0.7746734075521029
0.8009598200971336
0.7839055765758635
0.8045116012787968
0.733396481381044
0.7346249656218479
0.7233356941830028
0.7411376833901254
0.7365479577671327
0.7123534300109835
0.9402853575828837
0.8582071174274816
0.7051321539799452
0.7387315034878196
0.7526206292889335
0.7805287837896722
0.7526404424147173
0.767313149842349
0.7500444921580075
0.7470774649852049
0.7075221484357656
0.7516544354037801
0.7527988553700978
0.7933205853808952
0.7376458210781894
0.7374207485805809
0.6592494791245898
0.8191927725618536
0.7091586481441151
0.8636031909422436
0.7165985161608068
0.7322683903304014
0.7061820300595685
0.7199282971308022
0.7629411383074028
0.7597573833197001
0.687155864508667
0.8196563449772921
0.7320558917194646
0.7234685934731026
0.68796735460169
0.75729231400951
0.8295320596463902
0.73861794580208
0.7640779126774189
0.8034913646979738
0.7420342022727524
0.7586942423481471
0.7131283391603588
0.7202802733941511
0.7495592832076808
0.7473211667750761
0.753752952272388
0.7207974249666388
0.7569332773031955
0.7933476784012545
0.7361612265975649
0.7685632651024794
0.7020672993234774
0.7153706008739826
0.8580398180297384
0.7440422990105392
0.7787978486538196
0.8162367289577197
0.7734266140244224
0.7473456534472418
0.7012108130545848
0.7974440291897685
0.7756720888869704
0.7744059887799349
0.7260995507240392
0.7118083509534313
0.7062216943159814
0.7489473386299615
0.7145320285450455
0.7942845602797807
0.7721597606485542
0.756211410869252
0.7386972904208481
0.7130743103108419
0.7666511102419576
0.7871536504138607
0.7379865428991763
0.735178733289671
0.7547493631206357
0.8073444095446618
0.9132389263673262
0.7787079106678315
0.8256868937713704
0.7226274069062787
0.7492840290248957
0.7233031879770778
0.7089575366604393
0.7860885425047441
0.7704119411381808
0.7680098089371793
0.8190294991845396
0.7412373586144241
0.7740732593969866
0.7105104869054927
0.762040322462263
0.7539546435525111
