0.009658154677626126
0.16042119400067764
0.4273913096297871
0.5785989382050254
2.8313768276546288e+149
3.0644602925861896e+159
6.661338711928331e+24
4.1937058921008734e+168
0.66900232705213
6.830038686190471e+251
6.605289176897555e+222
1.3117897085822158e+213
1.0386807140247406e+242
6.227082928641333e+179
6.0881276783452075e+150
9.024730448209046e+246
3.857599395320259e+174
4.199838317267569e+280
7.042496072346624e+225
1.0415764037493077e+242
0.6626048684120178
3.463507699996725e+179
4.2924429227072734e+256
0.6737732887268066
0.6469130570238287
0.649274929003282
5.547348565650233e+246
0.6135095032778654
0.6617749658497897
0.6819995208220049
0.6450183337385004
0.6617726466872476
0.6207463063976981
6.072981117981617e+150
0.6878909197720614
0.6838747208768671
0.6477905782786283
0.6472861712629144
0.7143853198398243
0.6548696214502508
0.6417445865544406
0.6699769334359602
0.6477257826111533
0.6735206625678323
0.6515658091415059
0.6443205529993231
0.6354859579693187
0.6576941663568671
0.6174472082744945
0.6151931421323256
0.6652548746629194
0.6391632177612998
0.6846263950521295
0.6146813901987943
0.6436277709224008
0.5921497534621846
0.6078366447578777
0.5466644140807065
0.5812039592049338
0.5698879361152649
0.5874279087240045
0.5995983616872267
0.6021867746656592
0.5806669606403871
0.4650165858593854
0.5579143383286216
0.5194043083624407
0.522974700412967
0.6220254302024841
0.4407118741761554
0.5696547790007158
0.5817598294128071
0.6105918234044855
0.5880491814830087
0.47074314139106055
0.5969441912390969
0.5280971649018201
0.5267147435383364
0.5551838766444813
0.4597597528587688
0.5288158004934137
0.5337775566361167
0.5046337599104102
0.4609959071332758
0.48525120182470843
0.4409214366566051
0.49316173927350476
0.5898853012106635
0.47623585300012067
0.4624394340948625
0.47916150093078613
0.5043780207633972
0.4378539025783539
0.4677753489125859
0.566716345873746
0.4711382355202328
0.5325725715268742
0.46854781020771374
0.5612309195778586
0.4629289155656641
0.49466540867632086
0.49309786747802387
0.5379746827212247
0.5136174803430383
0.5115630193190142
0.5019282373515043
0.5508036477999254
0.4383541684259068
0.4322771700945767
0.5099480477246371
0.4999107637188651
0.4757294844497334
0.46534011445262213
0.4583247791637074
0.45772862434387207
0.42041378265077417
0.5845358696850863
0.5036705935543234
0.44373138655315747
0.49404197660359467
0.49607102979313245
0.5562908188863234
0.4992722381245006
0.48972251469438727
0.4246762882579457
0.49314913153648376
0.4934543723409826
0.4773433208465576
0.526550826701251
0.4979114126075398
0.47965624928474426
0.48519565842368384
0.4649524851278825
0.45291119001128455
0.44143201275305316
0.4673122357238423
0.4957139925523238
0.5428914373571222
0.5083909332752228
0.5030868676575747
0.45927796038714325
0.4332048974253915
0.4449988617138429
0.4830141473900188
0.44468966261907056
0.5499069203029979
0.412362816658887
0.3538033328950405
0.4697851687669754
0.4934852556748824
0.5135045593435114
0.5149824036793276
0.46845954385670746
0.5285213643854315
0.39383566785942425
0.41081649742343207
0.47399557449600915
0.5016706558791074
0.47786513241854583
0.4417384158481251
0.41370832378214056
0.5300175506960262
0.5153181444514882
0.4959662854671478
0.519638023593209
0.4325184320861643
0.40625079518014734
0.4283722137862986
0.4337080947377465
0.5151421807029031
0.5127168500965292
0.5438440225341103
0.45817706801674585
0.47252127528190613
0.4466770182956349
0.43518802659078076
0.43046804991635407
0.41256245970726013
0.4828497916460037
0.3793189986185594
0.5193209593946283
0.42668184638023376
0.47547597641294653
0.3886288953098384
0.4872466508637775
0.42963106252930383
0.5193812278184023
0.4082933339205655
0.47831432250413025
0.3052148480306972
0.3968163620341908
0.4529184387488799
0.4380024874752218
0.5064997645941648
0.49066519195383246
0.5333672572265972
0.4234223419969732
0.4689830189401453
0.49063356898047705
0.464771262624047
0.45481245897032996
0.43801478228785773
0.39584838869896805
0.45550276745449414
0.45494272085753357
0.3383325883610682
0.41961658000946045
0.40713539042256097
0.34987946531989356
0.3461371624672955
0.4343882148916071
0.3905628208409656
0.49386894973841583
0.44722854820164765
0.4349312890659679
0.4824803444472226
0.41177211837335065
0.382699425924908
0.3838975321162831
0.4364698190580715
0.45087986371733924
0.36846563863483345
0.3998392888090827
0.38414173099127685
0.40517818656834687
0.5360562963919207
0.5213010202754628
0.41143935376947577
0.40651470693674957
0.3966241587292064
0.3833615319295363
0.44012312455610797
0.399243028326468
0.44859943335706537
0.4038825874978846
0.3294875107028268
0.3353326374834234
0.43681329217824066
0.3924430310726166
0.364479352127422
0.4556278721852736
0.4086187725717371
0.4379019357941367
0.3683087649670514
0.386705758896741
0.38159816983071243
0.4131498770280318
0.464627742767334
0.3934107720851898
0.35782699286937714
0.41537744348699396
0.38637529584494507
0.4545849480412223
0.3671410083770752
0.4478644105521115
0.4223261150446805
0.38640538399869745
0.3794054795395244
0.43546022881161084
0.40123682672327216
0.41052926264025946
0.48184099251573737
0.38298960571939294
0.38519634441895917
0.3666809716007926
0.41700022599913855
0.43694016201929614
0.3736762743104588
0.3730134936896237
0.38630362125960266
0.4111394651911475
0.34006398238919
0.4489823200485923
0.4445036852901632
0.38535038314082404
0.41669370098547504
0.34502422132275323
0.41750370372425427
0.347368829629638
0.38263386352495715
0.30967541851780633
0.35638453337279236
0.3897133713418787
0.335659303448417
0.315529003739357
0.33464901555668225
0.3349378190257333
0.3998850313099948
0.3554183407263322
0.3907148919322274
0.3533000180667097
0.38547893274914136
0.43988285145976325
0.4121921015056697
0.3730580048127608
0.38389518382874405
0.34689590470357373
0.3064574937928807
0.43824735283851624
0.3712523122402755
0.35856482115658844
0.3572328063574704
0.4155378043651581
0.39694194427945395
0.27998418699611316
0.2481297247789123
0.38485023379325867
0.30573510920459573
0.26652571660551155
0.36332360722801904
0.3951565528457815
0.35929177566008136
0.38041084666143765
0.29960181801156566
0.3554267558184537
0.31023624852638354
0.34492569213563745
0.4182767150076953
0.45524116944183
0.40796580097892066
0.2757486579939723
0.3354729576544328
0.27968520535664126
0.484905944629149
0.5106728849085894
0.346247846768661
0.4233443113890561
0.31415589610961353
0.30510576882145624
0.32412800599228253
0.43064695596694946
0.39885466681285336
0.3752864666960456
0.2947330694984306
0.28997580402276735
0.37429194287820294
0.3810599554668773
0.4348275106061589
0.3618576248938387
0.30607321655208414
0.2748693146488883
0.34057809818874707
0.3201222412965514
0.340152615850622
0.4275586557659236
0.3861549679528583
0.3284294889731841
0.4051570641723546
0.2756572426720099
0.40192827446894214
0.3587380304763263
0.2739119360392744
0.3803449110551314
0.3095233995806087
0.36742587048899045
0.4474807462909005
0.37652876702221955
0.27667287669398566
0.37640102072195575
0.3391407484358007
0.32908050021664664
0.3870151666077701
0.37162588943134656
0.32688806680115784
0.3303039548071948
0.3371107001704248
0.23993136259642514
0.3613747541200031
0.35018211738629773
0.36353777755390515
0.3963835537433624
0.37851490757682105
0.40858759324659
0.34505756063894794
0.27094882709207013
0.3440336795015769
0.33008915321393445
0.3640721846710552
0.39083308658816596
0.3353882689367641
0.3126286349513314
0.25582425364039163
0.3122267702763731
0.30476771108806133
0.31815576959740033
0.33846837078983133
0.36959818547422235
0.33073269643566827
0.3499427556314252
0.3702776540409435
0.3711710511283441
0.38032758405262773
0.3626913604411212
0.37536274099891836
0.3374646996909922
0.34487738189372147
0.31049309196797287
0.38308286226608534
0.3075544371862303
0.3310415575450117
